{"pos":[1396.04077,-294.012329,125.294838],"rotationMatrix":[0.713403761,0.700753212,0,-0.700753212,0.713403761,0,0,0,0.999999881],"scale":1.18725264,"type":"oak_beech_wallblocker_long"}
{"pos":[1451.53955,-157.581833,123.93428],"rotationMatrix":[-0.930706382,-0.365767211,0,0.365767211,-0.930706382,0,0,0,0.999999881],"scale":1.12954569,"type":"oak_beech_wallblocker_long"}
{"pos":[1434.40295,-146.96785,119.736359],"rotationMatrix":[0.299876511,0.953978002,0,-0.953978002,0.299876511,0,0,0,0.999999881],"scale":1.07158375,"type":"oak_beech_wallblocker_long"}
{"pos":[1433.65442,-170.786194,120.823776],"rotationMatrix":[-0.30503431,0.952341259,0,-0.952341259,-0.30503431,0,0,0,0.999999881],"scale":0.937638104,"type":"oak_beech_wallblocker_long"}
{"pos":[1437.05444,-194.765289,121.432709],"rotationMatrix":[0.55188781,-0.833918214,0,0.833918214,0.55188781,0,0,0,0.999999881],"scale":0.845767975,"type":"oak_beech_wallblocker_long"}
{"pos":[1420.57275,-140.022476,118.221146],"rotationMatrix":[0.456236899,0.889858365,0,-0.889858365,0.456236899,0,0,0,0.999999881],"scale":1.12971973,"type":"oak_beech_wallblocker_long"}
{"pos":[56.4692764,-319.320038,107.220703],"rotationMatrix":[0.954798281,-0.297254145,0,0.297254145,0.954798281,0,0,0,0.999999881],"scale":0.924156249,"type":"oak_beech_wallblocker_long"}
{"pos":[53.4471817,-311.216553,108.581238],"rotationMatrix":[0.957807958,0.287408799,0,-0.287408799,0.957807958,0,0,0,0.999999881],"scale":1.19889796,"type":"oak_beech_wallblocker_long"}
{"pos":[73.7814789,-263.618469,106.566284],"rotationMatrix":[0.949196994,0.314682394,0,-0.314682394,0.949196994,0,0,0,0.999999881],"scale":1.00330794,"type":"oak_beech_wallblocker_long"}
{"pos":[114.594856,-246.989746,107.251305],"rotationMatrix":[0.713679373,0.700472534,0,-0.700472534,0.713679373,0,0,0,0.999999881],"scale":1.16439748,"type":"oak_beech_wallblocker_long"}
{"pos":[133.192352,-241.772659,106.516716],"rotationMatrix":[0.458042234,-0.888930321,0,0.888930321,0.458042234,0,0,0,0.999999881],"scale":0.915870607,"type":"oak_beech_wallblocker_long"}
{"pos":[161.078354,-230.536301,106.472115],"rotationMatrix":[0.00465361169,0.999989033,0,-0.999989033,0.00465361169,0,0,0,0.999999881],"scale":1.05650163,"type":"oak_beech_wallblocker_long"}
{"pos":[43.6427155,-295.570374,109.181854],"rotationMatrix":[-0.0124921557,0.999921918,0,-0.999921918,-0.0124921557,0,0,0,0.999999881],"scale":0.954977036,"type":"oak_beech_wallblocker_long"}
{"pos":[7.7310667,-368.409851,104.959854],"rotationMatrix":[-0.977881074,-0.209161192,0,0.209161192,-0.977881074,0,0,0,0.999999881],"scale":0.856546283,"type":"oak_beech_wallblocker_long"}
{"pos":[-49.6574059,-376.107697,103.32637],"rotationMatrix":[-0.829423368,-0.558620393,0,0.558620393,-0.829423368,0,0,0,0.999999881],"scale":1.16977203,"type":"oak_beech_wallblocker_long"}
{"pos":[-70.8742142,-374.640747,104.419327],"rotationMatrix":[-0.752478898,0.658616066,0,-0.658616066,-0.752478898,0,0,0,0.999999881],"scale":0.882568598,"type":"oak_beech_wallblocker_long"}
{"pos":[-145.572739,-377.551056,104.46312],"rotationMatrix":[0.997728765,-0.0673575625,0,0.0673575625,0.997728765,0,0,0,0.999999881],"scale":0.936163783,"type":"oak_beech_wallblocker_long"}
{"pos":[-153.208694,-379.659485,103.595222],"rotationMatrix":[-0.493294209,0.869862378,0,-0.869862378,-0.493294209,0,0,0,0.999999881],"scale":1.17577267,"type":"oak_beech_wallblocker_long"}
{"pos":[-159.164993,-375.620575,103.976471],"rotationMatrix":[-0.36668542,-0.93034488,0,0.93034488,-0.36668542,0,0,0,0.999999881],"scale":0.960055828,"type":"oak_beech_wallblocker_long"}
{"pos":[-221.499298,-308.107422,103.183922],"rotationMatrix":[-0.612228274,0.790680826,0,-0.790680826,-0.612228274,0,0,0,0.999999881],"scale":0.868528545,"type":"oak_beech_wallblocker_long"}
{"pos":[-235.583725,-340.167511,103.869469],"rotationMatrix":[-0.890425503,-0.455129057,0,0.455129057,-0.890425503,0,0,0,0.999999881],"scale":0.919242501,"type":"oak_beech_wallblocker_long"}
{"pos":[-223.495651,-311.99646,103.2668],"rotationMatrix":[-0.714796484,0.699332416,0,-0.699332416,-0.714796484,0,0,0,0.999999881],"scale":0.993521571,"type":"oak_beech_wallblocker_long"}
{"pos":[-83.6130981,-374.305054,104.190857],"rotationMatrix":[-0.540182233,-0.841548026,0,0.841548026,-0.540182233,0,0,0,0.999999881],"scale":1.1574769,"type":"oak_beech_wallblocker_long"}
{"pos":[-115.814766,-376.873749,102.686066],"rotationMatrix":[-0.417652667,-0.908606648,0,0.908606648,-0.417652667,0,0,0,0.999999881],"scale":1.14199543,"type":"oak_beech_wallblocker_long"}
{"pos":[-196.083557,-255.954819,103.329285],"rotationMatrix":[-0.476606667,-0.879116654,0,0.879116654,-0.476606667,0,0,0,0.999999881],"scale":0.997312844,"type":"oak_beech_wallblocker_long"}
{"pos":[-236.531204,-59.0955772,103.093384],"rotationMatrix":[0.606389225,0.795167983,0,-0.795167983,0.606389225,-0,-0,0,0.999999881],"scale":1.07206297,"type":"oak_beech_wallblocker_long"}
{"pos":[-239.34465,-104.803062,102.977364],"rotationMatrix":[0.558073342,0.829791605,0,-0.829791605,0.558073342,-0,-0,0,0.999999881],"scale":1.01437604,"type":"oak_beech_wallblocker_long"}
{"pos":[-196.486298,-193.517975,102.179825],"rotationMatrix":[-0.570633173,-0.82120496,0,0.82120496,-0.570633173,0,-0,0,0.999999881],"scale":0.937799573,"type":"oak_beech_wallblocker_long"}
{"pos":[-286.987152,-137.023529,112.840202],"rotationMatrix":[-0.165763438,-0.986165464,0,0.986165464,-0.165763438,0,-0,0,0.999999881],"scale":0.979846597,"type":"oak_beech_wallblocker_long"}
{"pos":[-287.299408,-134.764664,113.499596],"rotationMatrix":[-0.79372257,-0.608279884,0,0.608279884,-0.79372257,0,-0,0,0.999999881],"scale":0.834431827,"type":"oak_beech_wallblocker_long"}
{"pos":[-292.249512,-136.781708,113.288902],"rotationMatrix":[0.296616346,-0.954996645,0,0.954996645,0.296616346,0,-0,0,0.999999881],"scale":0.850478351,"type":"oak_beech_wallblocker_long"}
{"pos":[-282.558624,-96.0484772,106.411751],"rotationMatrix":[-0.651773572,-0.758413434,0,0.758413434,-0.651773572,0,-0,0,0.999999881],"scale":1.00632012,"type":"oak_beech_wallblocker_long"}
{"pos":[-292.489594,-82.0473709,106.049286],"rotationMatrix":[0.953942299,-0.29998982,0,0.29998982,0.953942299,0,-0,0,0.999999881],"scale":1.16404772,"type":"oak_beech_wallblocker_long"}
{"pos":[-296.057129,-52.0928879,105.627388],"rotationMatrix":[0.0110458825,0.999938846,0,-0.999938846,0.0110458825,-0,-0,0,0.999999881],"scale":1.14722621,"type":"oak_beech_wallblocker_long"}
{"pos":[-307.47525,-58.2395515,110.970184],"rotationMatrix":[0.849136353,0.528173566,0,-0.528173566,0.849136353,-0,-0,0,0.999999881],"scale":0.942900598,"type":"oak_beech_wallblocker_long"}
{"pos":[-326.518219,4.39929485,109.240974],"rotationMatrix":[0.959450781,0.281875908,0,-0.281875908,0.959450781,-0,-0,0,0.999999881],"scale":1.12215686,"type":"oak_beech_wallblocker_long"}
{"pos":[-329.050903,15.3587503,106.443092],"rotationMatrix":[0.523998678,-0.851718962,0,0.851718962,0.523998678,0,-0,0,0.999999881],"scale":0.81614697,"type":"oak_beech_wallblocker_long"}
{"pos":[-334.691223,15.9597578,106.456505],"rotationMatrix":[-0.749149799,0.662400305,-0,-0.662400305,-0.749149799,0,-0,0,0.999999881],"scale":0.856953025,"type":"oak_beech_wallblocker_long"}
{"pos":[-235.665543,-28.9223137,102.337593],"rotationMatrix":[-0.336040586,-0.941847503,0,0.941847503,-0.336040586,0,-0,0,0.999999881],"scale":1.15739906,"type":"oak_beech_wallblocker_long"}
{"pos":[-242.844696,-15.5532875,102.694466],"rotationMatrix":[-0.262611121,0.964901626,-0,-0.964901626,-0.262611121,0,-0,0,0.999999881],"scale":0.894470811,"type":"oak_beech_wallblocker_long"}
{"pos":[-278.745239,30.6895409,102.583702],"rotationMatrix":[0.269196689,0.963085234,0,-0.963085234,0.269196689,-0,-0,0,0.999999881],"scale":1.00402081,"type":"oak_beech_wallblocker_long"}
{"pos":[-285.300537,42.864399,102.230789],"rotationMatrix":[-0.966549218,0.256480813,-0,-0.256480813,-0.966549218,0,-0,0,0.999999881],"scale":1.07501233,"type":"oak_beech_wallblocker_long"}
{"pos":[-360.287842,46.5717163,113.965958],"rotationMatrix":[0.623941243,-0.781471074,0,0.781471074,0.623941243,0,-0,0,0.999999881],"scale":0.942917824,"type":"oak_beech_wallblocker_long"}
{"pos":[-403.739838,96.272934,122.184944],"rotationMatrix":[0.980384588,-0.197093472,0,0.197093472,0.980384588,0,-0,0,0.999999881],"scale":1.17416716,"type":"oak_beech_wallblocker_long"}
{"pos":[-420.943146,99.0727463,128.999924],"rotationMatrix":[-0.939400792,0.342820734,-0,-0.342820734,-0.939400792,0,-0,0,0.999999881],"scale":1.02454126,"type":"oak_beech_wallblocker_long"}
{"pos":[-407.623627,84.6159973,125.107162],"rotationMatrix":[0.314236432,0.949344754,0,-0.949344754,0.314236432,-0,-0,0,0.999999881],"scale":0.979650676,"type":"oak_beech_wallblocker_long"}
{"pos":[-394.452789,91.4996033,117.811653],"rotationMatrix":[-0.390951365,0.920411229,-0,-0.920411229,-0.390951365,0,-0,0,0.999999881],"scale":1.18095469,"type":"oak_beech_wallblocker_long"}
{"pos":[-431.836975,110.849838,131.464645],"rotationMatrix":[-0.683475792,0.729972899,-0,-0.729972899,-0.683475792,0,-0,0,0.999999881],"scale":0.823942423,"type":"oak_beech_wallblocker_long"}
{"pos":[-458.562439,139.241119,134.526489],"rotationMatrix":[-0.859837592,0.510567427,-0,-0.510567427,-0.859837592,0,-0,0,0.999999881],"scale":1.08354807,"type":"oak_beech_wallblocker_long"}
{"pos":[-406.92691,114.171234,118.431656],"rotationMatrix":[0.629407346,-0.77707541,0,0.77707541,0.629407346,0,-0,0,0.999999881],"scale":1.0357213,"type":"oak_beech_wallblocker_long"}
{"pos":[-384.709534,120.51786,103.991226],"rotationMatrix":[0.869879425,0.493264347,0,-0.493264347,0.869879425,-0,-0,0,0.999999881],"scale":1.1972698,"type":"oak_beech_wallblocker_long"}
{"pos":[-406.293182,123.341064,116.111191],"rotationMatrix":[-0.138775468,0.990323722,-0,-0.990323722,-0.138775468,0,-0,0,0.999999881],"scale":1.03671169,"type":"oak_beech_wallblocker_long"}
{"pos":[-433.662048,156.122604,120.222198],"rotationMatrix":[-0.598170757,-0.801368654,0,0.801368654,-0.598170757,0,-0,0,0.999999881],"scale":0.974241436,"type":"oak_beech_wallblocker_long"}
{"pos":[-420.518097,160.260193,115.316223],"rotationMatrix":[0.86251688,0.506028175,0,-0.506028175,0.86251688,-0,-0,0,0.999999881],"scale":0.814780653,"type":"oak_beech_wallblocker_long"}
{"pos":[-418.890381,175.526733,110.331711],"rotationMatrix":[-0.390264392,0.920702696,-0,-0.920702696,-0.390264392,0,-0,0,0.999999881],"scale":1.17265534,"type":"oak_beech_wallblocker_long"}
{"pos":[-429.018585,207.980515,108.323875],"rotationMatrix":[-0.31273821,0.949839175,-0,-0.949839175,-0.31273821,0,-0,0,0.999999881],"scale":1.04379511,"type":"oak_beech_wallblocker_long"}
{"pos":[-432.86853,203.275131,110.869453],"rotationMatrix":[0.569031417,-0.822315633,0,0.822315633,0.569031417,0,-0,0,0.999999881],"scale":0.968072712,"type":"oak_beech_wallblocker_long"}
{"pos":[-442.669189,171.165405,122.878632],"rotationMatrix":[0.238362029,-0.971176207,0,0.971176207,0.238362029,0,-0,0,0.999999881],"scale":1.11539054,"type":"oak_beech_wallblocker_long"}
{"pos":[-449.163361,210.133957,122.158295],"rotationMatrix":[0.0786565468,-0.996901691,0,0.996901691,0.0786565468,0,-0,0,0.999999881],"scale":0.903576553,"type":"oak_beech_wallblocker_long"}
{"pos":[-447.717468,167.770798,127.537003],"rotationMatrix":[0.881766856,-0.471685231,0,0.471685231,0.881766856,0,-0,0,0.999999881],"scale":0.987927437,"type":"oak_beech_wallblocker_long"}
{"pos":[-435.911469,255.628525,107.895096],"rotationMatrix":[-0.961586297,0.274502397,-0,-0.274502397,-0.961586297,0,-0,0,0.999999881],"scale":1.0156461,"type":"oak_beech_wallblocker_long"}
{"pos":[-437.843475,266.885406,110.951843],"rotationMatrix":[-0.264539361,-0.96437484,0,0.96437484,-0.264539361,0,-0,0,0.999999881],"scale":0.826268017,"type":"oak_beech_wallblocker_long"}
{"pos":[-442.221985,271.333649,113.327911],"rotationMatrix":[-0.965524614,-0.260311574,0,0.260311574,-0.965524614,0,-0,0,0.999999881],"scale":0.940970361,"type":"oak_beech_wallblocker_long"}
{"pos":[-438.393951,286.132751,111.361282],"rotationMatrix":[0.729665101,0.683804691,0,-0.683804691,0.729665101,-0,-0,0,0.999999881],"scale":0.809853911,"type":"oak_beech_wallblocker_long"}
{"pos":[-460.501373,359.214111,128.725403],"rotationMatrix":[0.970265388,0.242043436,0,-0.242043436,0.970265388,-0,-0,0,0.999999881],"scale":0.986664891,"type":"oak_beech_wallblocker_long"}
{"pos":[-438.594543,360.842804,118.069],"rotationMatrix":[0.773019016,0.634382784,0,-0.634382784,0.773019016,-0,-0,0,0.999999881],"scale":1.03377581,"type":"oak_beech_wallblocker_long"}
{"pos":[-457.715271,362.231873,127.587349],"rotationMatrix":[-0.799174488,-0.601099074,0,0.601099074,-0.799174488,0,-0,0,0.999999881],"scale":1.14959967,"type":"oak_beech_wallblocker_long"}
{"pos":[-456.118256,384.313354,123.480293],"rotationMatrix":[-0.99996525,-0.00832920708,0,0.00832920708,-0.99996525,0,-0,0,0.999999881],"scale":0.936551571,"type":"oak_beech_wallblocker_long"}
{"pos":[-409.667877,420.547211,109.584755],"rotationMatrix":[-0.989913404,0.141673401,-0,-0.141673401,-0.989913404,0,-0,0,0.999999881],"scale":0.949301064,"type":"oak_beech_wallblocker_long"}
{"pos":[-433.605286,438.610443,120.362457],"rotationMatrix":[0.765704632,0.643192291,0,-0.643192291,0.765704632,-0,-0,0,0.999999881],"scale":0.907542884,"type":"oak_beech_wallblocker_long"}
{"pos":[-403.098907,459.80423,109.131744],"rotationMatrix":[0.911391318,0.411540836,0,-0.411540836,0.911391318,-0,-0,0,0.999999881],"scale":1.05531025,"type":"oak_beech_wallblocker_long"}
{"pos":[-400.998352,452.223877,107.220978],"rotationMatrix":[-0.0319419987,0.999489605,-0,-0.999489605,-0.0319419987,0,-0,0,0.999999881],"scale":0.977701426,"type":"oak_beech_wallblocker_long"}
{"pos":[-453.46109,432.783234,123.015411],"rotationMatrix":[0.837587416,-0.546303034,0,0.546303034,0.837587416,0,-0,0,0.999999881],"scale":0.925679445,"type":"oak_beech_wallblocker_long"}
{"pos":[-446.672363,421.694824,115.5177],"rotationMatrix":[-0.985983968,0.166839495,-0,-0.166839495,-0.985983968,0,-0,0,0.999999881],"scale":0.882581353,"type":"oak_beech_wallblocker_long"}
{"pos":[-398.431854,477.945862,108.042816],"rotationMatrix":[-0.152241811,0.988343179,-0,-0.988343179,-0.152241811,0,-0,0,0.999999881],"scale":0.875081182,"type":"oak_beech_wallblocker_long"}
{"pos":[-409.734833,485.356232,117.097534],"rotationMatrix":[0.782746017,-0.622341216,0,0.622341216,0.782746017,0,-0,0,0.999999881],"scale":1.04684472,"type":"oak_beech_wallblocker_long"}
{"pos":[-410.317047,520.924988,118.312073],"rotationMatrix":[0.161670521,-0.986844718,0,0.986844718,0.161670521,0,-0,0,0.999999881],"scale":1.11134672,"type":"oak_beech_wallblocker_long"}
{"pos":[-415.687286,521.461426,118.492714],"rotationMatrix":[-0.969099104,-0.246671721,0,0.246671721,-0.969099104,0,-0,0,0.999999881],"scale":1.12254584,"type":"oak_beech_wallblocker_long"}
{"pos":[-403.986511,560.35968,110.447227],"rotationMatrix":[0.951537192,-0.307533354,0,0.307533354,0.951537192,0,-0,0,0.999999881],"scale":1.07295918,"type":"oak_beech_wallblocker_long"}
{"pos":[-195.950027,-120.125618,103.036621],"rotationMatrix":[0.9328987,0.360138714,0,-0.360138714,0.9328987,-0,-0,0,0.999999881],"scale":0.826143324,"type":"oak_beech_wallblocker_long"}
{"pos":[-195.896439,-108.240532,102.327194],"rotationMatrix":[-0.133915588,0.990992606,-0,-0.990992606,-0.133915588,0,-0,0,0.999999881],"scale":1.0885371,"type":"oak_beech_wallblocker_long"}
{"pos":[-231.647766,27.3699837,101.113007],"rotationMatrix":[-0.36081478,0.932637393,-0,-0.932637393,-0.36081478,0,-0,0,0.999999881],"scale":1.09432888,"type":"oak_beech_wallblocker_long"}
{"pos":[-242.88208,41.4921951,101.264015],"rotationMatrix":[-0.705718994,-0.708491862,0,0.708491862,-0.705718994,0,-0,0,0.999999881],"scale":1.06583631,"type":"oak_beech_wallblocker_long"}
{"pos":[-279.501953,87.8010559,101.952179],"rotationMatrix":[-0.809113741,-0.587651849,0,0.587651849,-0.809113741,0,-0,0,0.999999881],"scale":0.84594065,"type":"oak_beech_wallblocker_long"}
{"pos":[-347.211426,154.541092,101.015656],"rotationMatrix":[0.946595728,-0.322422624,0,0.322422624,0.946595728,0,-0,0,0.999999881],"scale":0.897147715,"type":"oak_beech_wallblocker_long"}
{"pos":[-391.859283,283.518158,101.533348],"rotationMatrix":[0.00601446116,-0.999981761,0,0.999981761,0.00601446116,0,-0,0,0.999999881],"scale":1.17561018,"type":"oak_beech_wallblocker_long"}
{"pos":[-386.930908,294.517395,102.710381],"rotationMatrix":[-0.999118149,-0.0419838093,0,0.0419838093,-0.999118149,0,-0,0,0.999999881],"scale":1.04195321,"type":"oak_beech_wallblocker_long"}
{"pos":[-380.830505,333.419189,101.389641],"rotationMatrix":[0.286162049,0.958181202,0,-0.958181202,0.286162049,-0,-0,0,0.999999881],"scale":1.08288062,"type":"oak_beech_wallblocker_long"}
{"pos":[-374.657928,362.263702,101.633621],"rotationMatrix":[0.891187608,0.453634828,0,-0.453634828,0.891187608,-0,-0,0,0.999999881],"scale":1.05279219,"type":"oak_beech_wallblocker_long"}
{"pos":[-368.435791,392.448181,100.788925],"rotationMatrix":[0.157332018,-0.987545669,0,0.987545669,0.157332018,0,-0,0,0.999999881],"scale":1.16439188,"type":"oak_beech_wallblocker_long"}
{"pos":[-166.665283,-352.054474,103.928307],"rotationMatrix":[0.437145412,0.899390876,0,-0.899390876,0.437145412,-0,-0,0,0.999999881],"scale":0.994185567,"type":"oak_beech_wallblocker_long"}
{"pos":[-181.541122,-346.221527,104.08606],"rotationMatrix":[-0.160591602,-0.98702091,0,0.98702091,-0.160591602,0,-0,0,0.999999881],"scale":0.869543374,"type":"oak_beech_wallblocker_long"}
{"pos":[-189.343597,-347.309723,103.580612],"rotationMatrix":[-0.252738088,0.967534602,-0,-0.967534602,-0.252738088,0,-0,0,0.999999881],"scale":1.07301724,"type":"oak_beech_wallblocker_long"}
{"pos":[-127.97345,-348.879089,103.583076],"rotationMatrix":[-0.487342238,-0.873211026,0,0.873211026,-0.487342238,0,-0,0,0.999999881],"scale":1.01873088,"type":"oak_beech_wallblocker_long"}
{"pos":[-118.023346,-346.732941,103.025459],"rotationMatrix":[0.988326132,-0.152352616,0,0.152352616,0.988326132,0,-0,0,0.999999881],"scale":1.11827159,"type":"oak_beech_wallblocker_long"}
{"pos":[-102.603989,-279.264191,103.892723],"rotationMatrix":[-0.79633981,-0.604849398,0,0.604849398,-0.79633981,0,-0,0,0.999999881],"scale":0.92232722,"type":"oak_beech_wallblocker_long"}
{"pos":[-108.653648,-281.458527,103.962463],"rotationMatrix":[-0.0736449584,0.997284353,-0,-0.997284353,-0.0736449584,0,-0,0,0.999999881],"scale":0.822854698,"type":"oak_beech_wallblocker_long"}
{"pos":[-94.6665421,-269.693329,104.382965],"rotationMatrix":[-0.0106655154,0.999943018,-0,-0.999943018,-0.0106655154,0,-0,0,0.999999881],"scale":1.05669928,"type":"oak_beech_wallblocker_long"}
{"pos":[-113.847404,-271.933746,105.059822],"rotationMatrix":[-0.411219209,0.911536336,-0,-0.911536336,-0.411219209,0,-0,0,0.999999881],"scale":1.05373287,"type":"oak_beech_wallblocker_long"}
{"pos":[-103.953773,-283.656891,103.626877],"rotationMatrix":[0.518340766,-0.855174005,0,0.855174005,0.518340766,0,-0,0,0.999999881],"scale":0.849326909,"type":"oak_beech_wallblocker_long"}
{"pos":[-106.496193,-268.066864,104.606209],"rotationMatrix":[0.999358892,0.0357988253,0,-0.0357988253,0.999358892,-0,-0,0,0.999999881],"scale":0.991627157,"type":"oak_beech_wallblocker_long"}
{"pos":[-113.32515,-276.374573,103.872101],"rotationMatrix":[0.60388279,-0.797073066,0,0.797073066,0.60388279,0,-0,0,0.999999881],"scale":0.932085276,"type":"oak_beech_wallblocker_long"}
{"pos":[-151.761108,-301.255005,103.385696],"rotationMatrix":[-0.0744352862,0.997225761,-0,-0.997225761,-0.0744352862,0,-0,0,0.999999881],"scale":0.94762361,"type":"oak_beech_wallblocker_long"}
{"pos":[-136.992996,-295.206757,103.274849],"rotationMatrix":[-0.453345865,-0.891334534,0,0.891334534,-0.453345865,0,-0,0,0.999999881],"scale":0.849676907,"type":"oak_beech_wallblocker_long"}
{"pos":[-167.453751,-301.678558,103.449387],"rotationMatrix":[0.696770012,-0.717294455,0,0.717294455,0.696770012,0,-0,0,0.999999881],"scale":0.887909889,"type":"oak_beech_wallblocker_long"}
{"pos":[-166.007584,-121.888794,104.494789],"rotationMatrix":[0.983075917,0.183198184,0,-0.183198184,0.983075917,-0,-0,0,0.999999881],"scale":0.884446681,"type":"oak_beech_wallblocker_long"}
{"pos":[-163.567383,-133.319153,104.014755],"rotationMatrix":[-0.667931914,-0.744222343,0,0.744222343,-0.667931914,0,-0,0,0.999999881],"scale":0.904117644,"type":"oak_beech_wallblocker_long"}
{"pos":[-166.243057,-131.776642,105.027069],"rotationMatrix":[0.994900048,-0.10086441,0,0.10086441,0.994900048,0,-0,0,0.999999881],"scale":1.07034564,"type":"oak_beech_wallblocker_long"}
{"pos":[1435.67578,-237.021835,122.805992],"rotationMatrix":[0.850818217,0.525460064,0,-0.525460064,0.850818217,-0,-0,0,0.999999881],"scale":1.13022268,"type":"oak_beech_wallblocker_long"}
{"pos":[1427.18469,-231.172684,121.866783],"rotationMatrix":[0.166659713,-0.986014426,0,0.986014426,0.166659713,0,-0,0,0.999999881],"scale":1.01499498,"type":"oak_beech_wallblocker_long"}
{"pos":[1433.69336,-210.972946,120.679756],"rotationMatrix":[0.0756989866,-0.997130573,0,0.997130573,0.0756989866,0,-0,0,0.999999881],"scale":0.834930241,"type":"oak_beech_wallblocker_long"}
{"pos":[1417.32031,-178.131302,118.366806],"rotationMatrix":[0.309307486,0.950962126,0,-0.950962126,0.309307486,-0,-0,0,0.999999881],"scale":1.11802197,"type":"oak_beech_wallblocker_long"}
{"pos":[1463.46545,-189.600662,127.238525],"rotationMatrix":[0.971089125,0.238716885,0,-0.238716885,0.971089125,-0,-0,0,0.999999881],"scale":1.19269753,"type":"oak_beech_wallblocker_long"}
{"pos":[1458.02832,-212.737961,126.570152],"rotationMatrix":[0.408054054,-0.912957609,0,0.912957609,0.408054054,0,-0,0,0.999999881],"scale":0.930302203,"type":"oak_beech_wallblocker_long"}
{"pos":[1470.25317,-217.177063,129.741333],"rotationMatrix":[0.790040255,-0.613054752,0,0.613054752,0.790040255,0,-0,0,0.999999881],"scale":1.14062548,"type":"oak_beech_wallblocker_long"}
{"pos":[1464.94238,-228.594574,128.787201],"rotationMatrix":[0.986578882,-0.163284734,0,0.163284734,0.986578882,0,-0,0,0.999999881],"scale":1.00496793,"type":"oak_beech_wallblocker_long"}
{"pos":[1480.20471,-254.566513,129.223953],"rotationMatrix":[-0.690897584,0.722952545,-0,-0.722952545,-0.690897584,0,-0,0,0.999999881],"scale":1.08490932,"type":"oak_beech_wallblocker_long"}
{"pos":[1481.22534,-247.535736,129.832672],"rotationMatrix":[0.924874723,0.380271882,0,-0.380271882,0.924874723,-0,-0,0,0.999999881],"scale":0.854060233,"type":"oak_beech_wallblocker_long"}
{"pos":[1466.90552,-245.671707,128.156448],"rotationMatrix":[-0.53841424,0.842680156,-0,-0.842680156,-0.53841424,0,-0,0,0.999999881],"scale":1.01252234,"type":"oak_beech_wallblocker_long"}
