{"pos":[1385.62036,-294.552368,123.545227],"rotationMatrix":[0.832330883,0.554279029,0,-0.554279029,0.832330883,0,0,0,0.999999881],"scale":1.2304976,"type":"tree_beech_forest_group"}
{"pos":[1433.0647,-109.549362,114.104721],"rotationMatrix":[-0.919903159,-0.392145544,0,0.392145544,-0.919903159,0,0,0,0.999999881],"scale":1.03381109,"type":"tree_beech_forest_group"}
{"pos":[1464.33765,-142.764755,122.692421],"rotationMatrix":[0.905688107,-0.423944324,0,0.423944324,0.905688107,0,0,0,0.999999881],"scale":1.32748795,"type":"tree_beech_forest_group"}
{"pos":[1453.18384,-148.303741,123.499298],"rotationMatrix":[0.0635307133,0.99797982,0,-0.99797982,0.0635307133,0,0,0,0.999999881],"scale":1.49494708,"type":"tree_beech_forest_group"}
{"pos":[1433.44861,-175.541061,120.359215],"rotationMatrix":[-0.10488952,0.994483769,0,-0.994483769,-0.10488952,0,0,0,0.999999881],"scale":1.10776639,"type":"tree_beech_forest_group"}
{"pos":[1433.15369,-183.747025,121.001999],"rotationMatrix":[0.694277704,-0.719707012,0,0.719707012,0.694277704,0,0,0,0.999999881],"scale":1.24014199,"type":"tree_beech_forest_group"}
{"pos":[1399.96411,-157.295731,120.8563],"rotationMatrix":[-0.616770685,0.787142634,0,-0.787142634,-0.616770685,0,0,0,0.999999881],"scale":1.02900827,"type":"tree_beech_forest_group"}
{"pos":[81.1844864,-285.403931,105.390114],"rotationMatrix":[0.496590972,0.867984712,0,-0.867984712,0.496590972,0,0,0,0.999999881],"scale":1.35313749,"type":"tree_beech_forest_group"}
{"pos":[131.922729,-244.376007,105.808784],"rotationMatrix":[-0.00209292397,-0.999997735,0,0.999997735,-0.00209292397,0,0,0,0.999999881],"scale":1.28752804,"type":"tree_beech_forest_group"}
{"pos":[197.422256,-220.585876,106.10627],"rotationMatrix":[-0.0943308175,0.995540798,0,-0.995540798,-0.0943308175,0,0,0,0.999999881],"scale":1.44569695,"type":"tree_beech_forest_group"}
{"pos":[29.2121449,-353.692505,107.943481],"rotationMatrix":[0.535966992,-0.844238818,0,0.844238818,0.535966992,0,0,0,0.999999881],"scale":1.24246907,"type":"tree_beech_forest_group"}
{"pos":[23.4216614,-358.516479,107.603653],"rotationMatrix":[-0.975497782,-0.220008895,0,0.220008895,-0.975497782,0,0,0,0.999999881],"scale":1.44842386,"type":"tree_beech_forest_group"}
{"pos":[-134.731064,-376.458221,103.418129],"rotationMatrix":[0.0274234544,0.999623775,0,-0.999623775,0.0274234544,0,0,0,0.999999881],"scale":1.34894741,"type":"tree_beech_forest_group"}
{"pos":[-232.06636,-338.549622,102.518547],"rotationMatrix":[0.914624512,0.404304296,0,-0.404304296,0.914624512,0,0,0,0.999999881],"scale":1.17914784,"type":"tree_beech_forest_group"}
{"pos":[-224.613449,-349.682129,103.499847],"rotationMatrix":[-0.121221475,0.992625356,0,-0.992625356,-0.121221475,0,0,0,0.999999881],"scale":1.16292405,"type":"tree_beech_forest_group"}
{"pos":[-220.77034,-335.539398,103.182945],"rotationMatrix":[0.923315346,0.384042472,0,-0.384042472,0.923315346,0,0,0,0.999999881],"scale":1.37001491,"type":"tree_beech_forest_group"}
{"pos":[-230.970139,-320.652496,103.379295],"rotationMatrix":[-0.944248021,-0.329234689,0,0.329234689,-0.944248021,0,0,0,0.999999881],"scale":1.33412015,"type":"tree_beech_forest_group"}
{"pos":[-195.102234,-248.213547,103.597198],"rotationMatrix":[-0.99965167,0.0263892431,0,-0.0263892431,-0.99965167,0,0,0,0.999999881],"scale":1.35420918,"type":"tree_beech_forest_group"}
{"pos":[-245.898575,-145.005066,102.666191],"rotationMatrix":[0.999288976,-0.037701685,0,0.037701685,0.999288976,0,-0,0,0.999999881],"scale":1.05645907,"type":"tree_beech_forest_group"}
{"pos":[-250.233536,-144.687256,102.94606],"rotationMatrix":[-0.978545249,0.206031725,-0,-0.206031725,-0.978545249,0,-0,0,0.999999881],"scale":1.28826952,"type":"tree_beech_forest_group"}
{"pos":[-234.99173,-100.787491,103.327393],"rotationMatrix":[0.889764369,-0.456419855,0,0.456419855,0.889764369,0,-0,0,0.999999881],"scale":1.31207693,"type":"tree_beech_forest_group"}
{"pos":[-242.59758,-81.6587143,103.642601],"rotationMatrix":[0.895482123,0.445097387,0,-0.445097387,0.895482123,-0,-0,0,0.999999881],"scale":1.30208731,"type":"tree_beech_forest_group"}
{"pos":[-199.208618,-221.973373,101.406876],"rotationMatrix":[-0.233867675,-0.972268403,0,0.972268403,-0.233867675,0,-0,0,0.999999881],"scale":1.47823524,"type":"tree_beech_forest_group"}
{"pos":[-195.658554,-183.614105,102.08947],"rotationMatrix":[-0.315175503,-0.94903332,0,0.94903332,-0.315175503,0,-0,0,0.999999881],"scale":1.40220892,"type":"tree_beech_forest_group"}
{"pos":[-198.6315,-163.14534,102.989227],"rotationMatrix":[-0.361953855,0.932195902,-0,-0.932195902,-0.361953855,0,-0,0,0.999999881],"scale":1.23440671,"type":"tree_beech_forest_group"}
{"pos":[-285.282623,-125.501709,111.673088],"rotationMatrix":[-0.988377392,-0.152019456,0,0.152019456,-0.988377392,0,-0,0,0.999999881],"scale":1.31341004,"type":"tree_beech_forest_group"}
{"pos":[-308.28183,-51.71241,112.018013],"rotationMatrix":[0.0293205027,0.999570012,0,-0.999570012,0.0293205027,-0,-0,0,0.999999881],"scale":1.18082547,"type":"tree_beech_forest_group"}
{"pos":[-304.783783,-37.2067108,109.073059],"rotationMatrix":[-0.952961385,-0.303091764,0,0.303091764,-0.952961385,0,-0,0,0.999999881],"scale":1.16240239,"type":"tree_beech_forest_group"}
{"pos":[-308.789917,-22.0175972,107.146957],"rotationMatrix":[-0.0608438551,-0.998147249,0,0.998147249,-0.0608438551,0,-0,0,0.999999881],"scale":1.23656106,"type":"tree_beech_forest_group"}
{"pos":[-317.469666,2.32944012,105.209602],"rotationMatrix":[-0.636474848,-0.771297276,0,0.771297276,-0.636474848,0,-0,0,0.999999881],"scale":1.17018938,"type":"tree_beech_forest_group"}
{"pos":[-339.683777,31.7096901,105.670975],"rotationMatrix":[-0.994059026,0.108841218,-0,-0.108841218,-0.994059026,0,-0,0,0.999999881],"scale":1.48198283,"type":"tree_beech_forest_group"}
{"pos":[-324.245636,34.1919899,104.023827],"rotationMatrix":[0.719604611,-0.69438386,0,0.69438386,0.719604611,0,-0,0,0.999999881],"scale":1.37728536,"type":"tree_beech_forest_group"}
{"pos":[-328.341034,20.8280334,104.303627],"rotationMatrix":[-0.864659607,-0.502358198,0,0.502358198,-0.864659607,0,-0,0,0.999999881],"scale":1.35912478,"type":"tree_beech_forest_group"}
{"pos":[-351.461578,3.39042091,106.823486],"rotationMatrix":[-0.583845437,0.811864674,-0,-0.811864674,-0.583845437,0,-0,0,0.999999881],"scale":1.37551594,"type":"tree_beech_forest_group"}
{"pos":[-357.559021,20.1867142,109.107094],"rotationMatrix":[-0.522926629,0.852377534,-0,-0.852377534,-0.522926629,0,-0,0,0.999999881],"scale":1.39482808,"type":"tree_beech_forest_group"}
{"pos":[-239.813873,-29.3031902,102.704117],"rotationMatrix":[0.481970429,0.876187503,0,-0.876187503,0.481970429,-0,-0,0,0.999999881],"scale":1.34409344,"type":"tree_beech_forest_group"}
{"pos":[-241.344406,-19.5741062,101.970543],"rotationMatrix":[0.310121775,0.950696886,0,-0.950696886,0.310121775,-0,-0,0,0.999999881],"scale":1.21788144,"type":"tree_beech_forest_group"}
{"pos":[-255.620865,8.75775909,101.813522],"rotationMatrix":[0.0370729156,0.99931246,0,-0.99931246,0.0370729156,-0,-0,0,0.999999881],"scale":1.00380504,"type":"tree_beech_forest_group"}
{"pos":[-300.247253,53.8131256,103.558052],"rotationMatrix":[0.986907184,0.161289036,0,-0.161289036,0.986907184,-0,-0,0,0.999999881],"scale":1.10324585,"type":"tree_beech_forest_group"}
{"pos":[-348.325897,58.020874,104.27533],"rotationMatrix":[-0.337479562,0.941332757,-0,-0.941332757,-0.337479562,0,-0,0,0.999999881],"scale":1.06911838,"type":"tree_beech_forest_group"}
{"pos":[-360.489014,55.869873,109.348907],"rotationMatrix":[0.660393834,0.750919402,0,-0.750919402,0.660393834,-0,-0,0,0.999999881],"scale":1.4117533,"type":"tree_beech_forest_group"}
{"pos":[-401.604645,71.3363953,122.487534],"rotationMatrix":[-0.589324534,0.807896137,-0,-0.807896137,-0.589324534,0,-0,0,0.999999881],"scale":1.45875537,"type":"tree_beech_forest_group"}
{"pos":[-398.065979,73.8811874,120.525398],"rotationMatrix":[-0.634682775,0.772772551,-0,-0.772772551,-0.634682775,0,-0,0,0.999999881],"scale":1.33800447,"type":"tree_beech_forest_group"}
{"pos":[-392.728241,62.7382431,118.793427],"rotationMatrix":[0.970750034,0.240092382,0,-0.240092382,0.970750034,-0,-0,0,0.999999881],"scale":1.07538605,"type":"tree_beech_forest_group"}
{"pos":[-362.663361,84.6870041,102.829887],"rotationMatrix":[0.975367606,0.220585555,0,-0.220585555,0.975367606,-0,-0,0,0.999999881],"scale":1.18009138,"type":"tree_beech_forest_group"}
{"pos":[-419.422791,104.942429,127.082245],"rotationMatrix":[0.843345106,0.537372291,0,-0.537372291,0.843345106,-0,-0,0,0.999999881],"scale":1.23297036,"type":"tree_beech_forest_group"}
{"pos":[-400.180176,105.02491,116.443001],"rotationMatrix":[-0.856302917,0.516473651,-0,-0.516473651,-0.856302917,0,-0,0,0.999999881],"scale":1.17097032,"type":"tree_beech_forest_group"}
{"pos":[-389.568542,97.8599701,114.589088],"rotationMatrix":[0.145379066,-0.989375949,0,0.989375949,0.145379066,0,-0,0,0.999999881],"scale":1.20991719,"type":"tree_beech_forest_group"}
{"pos":[-393.291473,85.4629669,118.477829],"rotationMatrix":[0.437545031,-0.899196386,0,0.899196386,0.437545031,0,-0,0,0.999999881],"scale":1.34003925,"type":"tree_beech_forest_group"}
{"pos":[-430.142822,119.818619,125.616974],"rotationMatrix":[0.810249507,0.586085021,0,-0.586085021,0.810249507,-0,-0,0,0.999999881],"scale":1.44177318,"type":"tree_beech_forest_group"}
{"pos":[-454.036591,132.987,134.820374],"rotationMatrix":[-0.886095226,-0.463503212,0,0.463503212,-0.886095226,0,-0,0,0.999999881],"scale":1.39299762,"type":"tree_beech_forest_group"}
{"pos":[-414.874298,145.065338,114.155891],"rotationMatrix":[0.729709446,-0.683757126,0,0.683757126,0.729709446,0,-0,0,0.999999881],"scale":1.3188026,"type":"tree_beech_forest_group"}
{"pos":[-394.515991,116.608719,110.885277],"rotationMatrix":[-0.420081288,0.907486379,-0,-0.907486379,-0.420081288,0,-0,0,0.999999881],"scale":1.11073554,"type":"tree_beech_forest_group"}
{"pos":[-430.653961,139.694519,123.939377],"rotationMatrix":[0.999502659,-0.0315303318,0,0.0315303318,0.999502659,0,-0,0,0.999999881],"scale":1.2934674,"type":"tree_beech_forest_group"}
{"pos":[-412.698334,165.775436,108.429245],"rotationMatrix":[-0.47501418,-0.87997812,0,0.87997812,-0.47501418,0,-0,0,0.999999881],"scale":1.06597924,"type":"tree_beech_forest_group"}
{"pos":[-440.904205,190.757874,118.114868],"rotationMatrix":[0.868177712,0.496253312,0,-0.496253312,0.868177712,-0,-0,0,0.999999881],"scale":1.37822247,"type":"tree_beech_forest_group"}
{"pos":[-441.690979,169.120163,123.761848],"rotationMatrix":[-0.244969577,0.969530642,-0,-0.969530642,-0.244969577,0,-0,0,0.999999881],"scale":1.04016495,"type":"tree_beech_forest_group"}
{"pos":[-463.660797,184.389221,132.63916],"rotationMatrix":[0.247554272,0.968874037,0,-0.968874037,0.247554272,-0,-0,0,0.999999881],"scale":1.12398565,"type":"tree_beech_forest_group"}
{"pos":[-437.489258,228.770767,111.507088],"rotationMatrix":[-0.315824568,0.948817492,-0,-0.948817492,-0.315824568,0,-0,0,0.999999881],"scale":1.01024997,"type":"tree_beech_forest_group"}
{"pos":[-453.199921,244.609268,123.386505],"rotationMatrix":[0.790971756,-0.611852586,0,0.611852586,0.790971756,0,-0,0,0.999999881],"scale":1.00622725,"type":"tree_beech_forest_group"}
{"pos":[-423.574066,176.693344,111.861809],"rotationMatrix":[-0.245302886,0.969446421,-0,-0.969446421,-0.245302886,0,-0,0,0.999999881],"scale":1.4344399,"type":"tree_beech_forest_group"}
{"pos":[-444.872375,181.660828,123.461243],"rotationMatrix":[0.913297653,0.407292664,0,-0.407292664,0.913297653,-0,-0,0,0.999999881],"scale":1.21196651,"type":"tree_beech_forest_group"}
{"pos":[-450.225281,249.121506,120.573349],"rotationMatrix":[-0.237989366,0.971267641,-0,-0.971267641,-0.237989366,0,-0,0,0.999999881],"scale":1.42780685,"type":"tree_beech_forest_group"}
{"pos":[-438.365814,239.018738,109.51358],"rotationMatrix":[-0.992121875,0.125275403,-0,-0.125275403,-0.992121875,0,-0,0,0.999999881],"scale":1.46352148,"type":"tree_beech_forest_group"}
{"pos":[-451.231934,245.558807,120.89418],"rotationMatrix":[0.69112289,-0.722737014,0,0.722737014,0.69112289,0,-0,0,0.999999881],"scale":1.14855814,"type":"tree_beech_forest_group"}
{"pos":[-440.324799,269.345886,111.746895],"rotationMatrix":[-0.979603231,-0.200941145,0,0.200941145,-0.979603231,0,-0,0,0.999999881],"scale":1.05169952,"type":"tree_beech_forest_group"}
{"pos":[-465.746063,271.049316,126.622391],"rotationMatrix":[0.114044592,0.993475556,0,-0.993475556,0.114044592,-0,-0,0,0.999999881],"scale":1.43184626,"type":"tree_beech_forest_group"}
{"pos":[-431.018433,338.128967,110.396027],"rotationMatrix":[-0.837174237,0.546935916,-0,-0.546935916,-0.837174237,0,-0,0,0.999999881],"scale":1.06421578,"type":"tree_beech_forest_group"}
{"pos":[-448.188538,331.580353,120.390373],"rotationMatrix":[-0.609628379,-0.792687356,0,0.792687356,-0.609628379,0,-0,0,0.999999881],"scale":1.20802891,"type":"tree_beech_forest_group"}
{"pos":[-445.635864,362.80838,122.261818],"rotationMatrix":[-0.992749274,-0.120202668,0,0.120202668,-0.992749274,0,-0,0,0.999999881],"scale":1.39199364,"type":"tree_beech_forest_group"}
{"pos":[-442.397003,358.448792,120.660553],"rotationMatrix":[0.078290537,0.99693054,0,-0.99693054,0.078290537,-0,-0,0,0.999999881],"scale":1.39844513,"type":"tree_beech_forest_group"}
{"pos":[-448.409576,357.313354,122.503838],"rotationMatrix":[0.315156996,-0.949039519,0,0.949039519,0.315156996,0,-0,0,0.999999881],"scale":1.16888797,"type":"tree_beech_forest_group"}
{"pos":[-431.60141,422.521088,114.676765],"rotationMatrix":[0.841820657,0.539757252,0,-0.539757252,0.841820657,-0,-0,0,0.999999881],"scale":1.15889573,"type":"tree_beech_forest_group"}
{"pos":[-428.737427,430.713623,116.794724],"rotationMatrix":[0.973920882,0.226887539,0,-0.226887539,0.973920882,-0,-0,0,0.999999881],"scale":1.17371964,"type":"tree_beech_forest_group"}
{"pos":[-407.402832,437.100525,109.155319],"rotationMatrix":[0.208708197,0.977977931,0,-0.977977931,0.208708197,-0,-0,0,0.999999881],"scale":1.10070372,"type":"tree_beech_forest_group"}
{"pos":[-421.367004,393.144806,109.158302],"rotationMatrix":[-0.774059892,0.633112073,-0,-0.633112073,-0.774059892,0,-0,0,0.999999881],"scale":1.03457546,"type":"tree_beech_forest_group"}
{"pos":[-440.634735,400.548767,112.625107],"rotationMatrix":[0.157952428,0.987446666,0,-0.987446666,0.157952428,-0,-0,0,0.999999881],"scale":1.16952944,"type":"tree_beech_forest_group"}
{"pos":[-436.274658,379.876495,117.565201],"rotationMatrix":[-0.484523296,-0.874778211,0,0.874778211,-0.484523296,0,-0,0,0.999999881],"scale":1.06003881,"type":"tree_beech_forest_group"}
{"pos":[-407.972321,451.207428,110.767731],"rotationMatrix":[-0.540559828,-0.841305435,0,0.841305435,-0.540559828,0,-0,0,0.999999881],"scale":1.36057091,"type":"tree_beech_forest_group"}
{"pos":[-466.716125,406.937134,125.330917],"rotationMatrix":[0.350861192,0.936427534,0,-0.936427534,0.350861192,-0,-0,0,0.999999881],"scale":1.49372768,"type":"tree_beech_forest_group"}
{"pos":[-429.05957,449.252167,119.869423],"rotationMatrix":[0.451920927,0.892058074,0,-0.892058074,0.451920927,-0,-0,0,0.999999881],"scale":1.03161836,"type":"tree_beech_forest_group"}
{"pos":[-418.876068,463.868042,118.55822],"rotationMatrix":[-0.992430568,0.122806497,-0,-0.122806497,-0.992430568,0,-0,0,0.999999881],"scale":1.0115056,"type":"tree_beech_forest_group"}
{"pos":[-405.238953,509.571594,115.371086],"rotationMatrix":[-0.938432992,-0.34546116,0,0.34546116,-0.938432992,0,-0,0,0.999999881],"scale":1.05796528,"type":"tree_beech_forest_group"}
{"pos":[-407.103485,547.327271,112.752342],"rotationMatrix":[0.937245607,-0.348669559,0,0.348669559,0.937245607,0,-0,0,0.999999881],"scale":1.17489958,"type":"tree_beech_forest_group"}
{"pos":[-197.861694,-114.365677,102.61998],"rotationMatrix":[-0.00178941782,-0.999998331,0,0.999998331,-0.00178941782,0,-0,0,0.999999881],"scale":1.32957125,"type":"tree_beech_forest_group"}
{"pos":[-194.979996,-113.45887,103.610535],"rotationMatrix":[-0.513001561,-0.858387589,0,0.858387589,-0.513001561,0,-0,0,0.999999881],"scale":1.05709147,"type":"tree_beech_forest_group"}
{"pos":[-205.293137,-47.2463722,100.823753],"rotationMatrix":[-0.945364892,-0.326013923,0,0.326013923,-0.945364892,0,-0,0,0.999999881],"scale":1.17908764,"type":"tree_beech_forest_group"}
{"pos":[-204.300613,-40.1098137,103.384232],"rotationMatrix":[-0.934492767,-0.355981767,0,0.355981767,-0.934492767,0,-0,0,0.999999881],"scale":1.08411276,"type":"tree_beech_forest_group"}
{"pos":[-208.719116,-23.5826988,102.911354],"rotationMatrix":[-0.812727034,-0.582644403,0,0.582644403,-0.812727034,0,-0,0,0.999999881],"scale":1.03825176,"type":"tree_beech_forest_group"}
{"pos":[-230.538452,25.4885216,101.565758],"rotationMatrix":[0.935540676,-0.353218645,0,0.353218645,0.935540676,0,-0,0,0.999999881],"scale":1.00960708,"type":"tree_beech_forest_group"}
{"pos":[-238.931244,38.5233536,102.19371],"rotationMatrix":[-0.827597558,0.561321795,-0,-0.561321795,-0.827597558,0,-0,0,0.999999881],"scale":1.43913758,"type":"tree_beech_forest_group"}
{"pos":[-283.471252,96.05233,102.185219],"rotationMatrix":[0.406677514,-0.913571656,0,0.913571656,0.406677514,0,-0,0,0.999999881],"scale":1.02150118,"type":"tree_beech_forest_group"}
{"pos":[-289.638245,97.6841431,100.677101],"rotationMatrix":[0.361216664,0.932481945,0,-0.932481945,0.361216664,-0,-0,0,0.999999881],"scale":1.41485286,"type":"tree_beech_forest_group"}
{"pos":[-296.898376,108.000137,101.670975],"rotationMatrix":[0.80686605,0.590734422,0,-0.590734422,0.80686605,-0,-0,0,0.999999881],"scale":1.14130068,"type":"tree_beech_forest_group"}
{"pos":[-302.311523,110.041824,102.11734],"rotationMatrix":[-0.922077358,0.387005538,-0,-0.387005538,-0.922077358,0,-0,0,0.999999881],"scale":1.27462029,"type":"tree_beech_forest_group"}
{"pos":[-303.622772,114.213799,100.909523],"rotationMatrix":[0.999472737,-0.0324654989,0,0.0324654989,0.999472737,0,-0,0,0.999999881],"scale":1.3436327,"type":"tree_beech_forest_group"}
{"pos":[-321.024933,131.734909,102.479111],"rotationMatrix":[0.0997006372,0.995017469,0,-0.995017469,0.0997006372,-0,-0,0,0.999999881],"scale":1.31594253,"type":"tree_beech_forest_group"}
{"pos":[-364.781647,177.012756,100.581444],"rotationMatrix":[0.200257972,0.979743123,0,-0.979743123,0.200257972,-0,-0,0,0.999999881],"scale":1.42074466,"type":"tree_beech_forest_group"}
{"pos":[-369.693481,182.599579,101.120445],"rotationMatrix":[0.831100404,0.556122363,0,-0.556122363,0.831100404,-0,-0,0,0.999999881],"scale":1.01007533,"type":"tree_beech_forest_group"}
{"pos":[-387.235107,268.308472,102.661316],"rotationMatrix":[0.832082927,0.55465126,0,-0.55465126,0.832082927,-0,-0,0,0.999999881],"scale":1.07534981,"type":"tree_beech_forest_group"}
{"pos":[-373.23056,358.289703,102.185555],"rotationMatrix":[0.280113488,0.959966838,0,-0.959966838,0.280113488,-0,-0,0,0.999999881],"scale":1.04952455,"type":"tree_beech_forest_group"}
{"pos":[-369.614563,370.978394,102.895142],"rotationMatrix":[0.628442168,0.77785629,0,-0.77785629,0.628442168,-0,-0,0,0.999999881],"scale":1.02656984,"type":"tree_beech_forest_group"}
{"pos":[-213.411575,-252.966843,102.007156],"rotationMatrix":[-0.928121746,0.372276604,-0,-0.372276604,-0.928121746,0,-0,0,0.999999881],"scale":1.05848706,"type":"tree_beech_forest_group"}
{"pos":[-218.388733,-235.147903,102.478775],"rotationMatrix":[0.817222297,-0.576322377,0,0.576322377,0.817222297,0,-0,0,0.999999881],"scale":1.06509149,"type":"tree_beech_forest_group"}
{"pos":[-212.474457,-198.403122,103.362091],"rotationMatrix":[0.679966211,0.733243465,0,-0.733243465,0.679966211,-0,-0,0,0.999999881],"scale":1.17728162,"type":"tree_beech_forest_group"}
{"pos":[-220.31691,-188.609436,103.188477],"rotationMatrix":[0.998619735,-0.0525195636,0,0.0525195636,0.998619735,0,-0,0,0.999999881],"scale":1.16969991,"type":"tree_beech_forest_group"}
{"pos":[-225.989639,-213.781891,102.046059],"rotationMatrix":[-0.978051126,-0.208364934,0,0.208364934,-0.978051126,0,-0,0,0.999999881],"scale":1.34877324,"type":"tree_beech_forest_group"}
{"pos":[-225.360748,-200.961472,102.171219],"rotationMatrix":[-0.575367987,-0.817894518,0,0.817894518,-0.575367987,0,-0,0,0.999999881],"scale":1.35916579,"type":"tree_beech_forest_group"}
{"pos":[-158.854187,-352.842346,103.714218],"rotationMatrix":[-0.126144379,0.992011845,-0,-0.992011845,-0.126144379,0,-0,0,0.999999881],"scale":1.0111382,"type":"tree_beech_forest_group"}
{"pos":[-143.299438,-348.715881,103.403679],"rotationMatrix":[-0.389328212,0.921099007,-0,-0.921099007,-0.389328212,0,-0,0,0.999999881],"scale":1.36105561,"type":"tree_beech_forest_group"}
{"pos":[-137.171051,-352.038483,103.62326],"rotationMatrix":[-0.0444040485,-0.999013543,0,0.999013543,-0.0444040485,0,-0,0,0.999999881],"scale":1.38601041,"type":"tree_beech_forest_group"}
{"pos":[-108.174911,-349.602631,103.721443],"rotationMatrix":[0.59798032,0.801510751,0,-0.801510751,0.59798032,-0,-0,0,0.999999881],"scale":1.47338212,"type":"tree_beech_forest_group"}
{"pos":[-136.067764,-276.4888,103.383278],"rotationMatrix":[0.0885552168,0.99607116,0,-0.99607116,0.0885552168,-0,-0,0,0.999999881],"scale":1.19025183,"type":"tree_beech_forest_group"}
{"pos":[-114.772369,-278.88562,103.221886],"rotationMatrix":[-0.460510552,-0.887654185,0,0.887654185,-0.460510552,0,-0,0,0.999999881],"scale":1.47101891,"type":"tree_beech_forest_group"}
{"pos":[-166.344208,-154.433655,103.378639],"rotationMatrix":[-0.951131105,0.308787018,-0,-0.308787018,-0.951131105,0,-0,0,0.999999881],"scale":1.49819994,"type":"tree_beech_forest_group"}
{"pos":[-173.331085,-134.899033,104.183701],"rotationMatrix":[0.936327934,-0.351126522,0,0.351126522,0.936327934,0,-0,0,0.999999881],"scale":1.48043609,"type":"tree_beech_forest_group"}
{"pos":[1424.02954,-233.24942,123.071526],"rotationMatrix":[0.377258956,0.926107824,0,-0.926107824,0.377258956,-0,-0,0,0.999999881],"scale":1.30868888,"type":"tree_beech_forest_group"}
{"pos":[1415.46558,-213.213806,124.165054],"rotationMatrix":[0.0624804012,-0.9980461,0,0.9980461,0.0624804012,0,-0,0,0.999999881],"scale":1.29884624,"type":"tree_beech_forest_group"}
{"pos":[1413.78857,-198.871918,123.891968],"rotationMatrix":[0.0164655466,-0.99986434,0,0.99986434,0.0164655466,0,-0,0,0.999999881],"scale":1.04585028,"type":"tree_beech_forest_group"}
{"pos":[1450.66406,-187.709579,124.904144],"rotationMatrix":[0.994288743,0.106722631,0,-0.106722631,0.994288743,-0,-0,0,0.999999881],"scale":1.28523946,"type":"tree_beech_forest_group"}
{"pos":[1478.40698,-251.203995,129.111435],"rotationMatrix":[0.0523682125,0.998627722,0,-0.998627722,0.0523682125,-0,-0,0,0.999999881],"scale":1.03987288,"type":"tree_beech_forest_group"}
