{"pos":[1392.60071,-295.514862,124.674767],"rotationMatrix":[-0.982310832,0.187257111,0,-0.187257111,-0.982310832,0,0,0,0.999999881],"scale":1.17688727,"type":"tree_beech_forest_b"}
{"pos":[1461.72913,-142.584427,122.104431],"rotationMatrix":[0.216892436,0.976195514,0,-0.976195514,0.216892436,0,0,0,0.999999881],"scale":0.919359267,"type":"tree_beech_forest_b"}
{"pos":[1458.86987,-144.321793,121.470428],"rotationMatrix":[0.198474631,-0.980105937,0,0.980105937,0.198474631,0,0,0,0.999999881],"scale":1.14116621,"type":"tree_beech_forest_b"}
{"pos":[1455.37878,-145.681168,122.771782],"rotationMatrix":[0.999999881,-0.000288335315,0,0.000288335315,0.999999881,0,0,0,0.999999881],"scale":1.0945133,"type":"tree_beech_forest_b"}
{"pos":[1443.34631,-158.355469,120.939362],"rotationMatrix":[-0.83023417,-0.55741477,0,0.55741477,-0.83023417,0,0,0,0.999999881],"scale":1.13315213,"type":"tree_beech_forest_b"}
{"pos":[1451.51794,-178.333298,124.758331],"rotationMatrix":[-0.998035431,0.0626509488,0,-0.0626509488,-0.998035431,0,0,0,0.999999881],"scale":1.04136121,"type":"tree_beech_forest_b"}
{"pos":[1399.99084,-142.816757,118.673943],"rotationMatrix":[-0.72443521,0.689342797,0,-0.689342797,-0.72443521,0,0,0,0.999999881],"scale":0.92964375,"type":"tree_beech_forest_b"}
{"pos":[78.3424377,-284.604034,105.65699],"rotationMatrix":[0.402282625,0.915515542,0,-0.915515542,0.402282625,0,0,0,0.999999881],"scale":1.12656999,"type":"tree_beech_forest_b"}
{"pos":[55.5277138,-310.109497,108.156418],"rotationMatrix":[-0.680241048,0.732988238,0,-0.732988238,-0.680241048,0,0,0,0.999999881],"scale":1.18081498,"type":"tree_beech_forest_b"}
{"pos":[49.1236572,-316.757416,109.20845],"rotationMatrix":[-0.393791735,0.919199526,0,-0.919199526,-0.393791735,0,0,0,0.999999881],"scale":0.926593423,"type":"tree_beech_forest_b"}
{"pos":[56.8848686,-276.079468,106.787994],"rotationMatrix":[-0.990616262,0.136671901,0,-0.136671901,-0.990616262,0,0,0,0.999999881],"scale":1.19347739,"type":"tree_beech_forest_b"}
{"pos":[65.1440887,-268.863251,107.044601],"rotationMatrix":[0.379407197,-0.925229728,0,0.925229728,0.379407197,0,0,0,0.999999881],"scale":1.03976345,"type":"tree_beech_forest_b"}
{"pos":[105.830711,-251.227585,106.228012],"rotationMatrix":[0.655342817,0.755331576,0,-0.755331576,0.655342817,0,0,0,0.999999881],"scale":1.12795389,"type":"tree_beech_forest_b"}
{"pos":[206.787292,-217.015259,105.984245],"rotationMatrix":[-0.615504622,0.788133025,0,-0.788133025,-0.615504622,0,0,0,0.999999881],"scale":1.142398,"type":"tree_beech_forest_b"}
{"pos":[195.136749,-221.122391,106.786446],"rotationMatrix":[-0.936379135,0.350990176,0,-0.350990176,-0.936379135,0,0,0,0.999999881],"scale":0.985469341,"type":"tree_beech_forest_b"}
{"pos":[17.1223145,-361.809357,106.892448],"rotationMatrix":[0.716691554,0.697390318,0,-0.697390318,0.716691554,0,0,0,0.999999881],"scale":1.07738376,"type":"tree_beech_forest_b"}
{"pos":[-6.84904385,-371.60498,104.109306],"rotationMatrix":[-0.995203137,0.0978295803,0,-0.0978295803,-0.995203137,0,0,0,0.999999881],"scale":1.02591145,"type":"tree_beech_forest_b"}
{"pos":[-108.708305,-373.993042,103.193504],"rotationMatrix":[0.999501526,-0.0315685235,0,0.0315685235,0.999501526,0,0,0,0.999999881],"scale":1.15963817,"type":"tree_beech_forest_b"}
{"pos":[-117.104111,-373.92804,103.668999],"rotationMatrix":[-0.928695142,-0.370843858,0,0.370843858,-0.928695142,0,0,0,0.999999881],"scale":1.024405,"type":"tree_beech_forest_b"}
{"pos":[-208.85675,-356.272827,103.929131],"rotationMatrix":[0.685454607,-0.728115141,0,0.728115141,0.685454607,0,0,0,0.999999881],"scale":1.0955466,"type":"tree_beech_forest_b"}
{"pos":[-226.175171,-326.860474,102.941483],"rotationMatrix":[0.529586256,-0.848256052,0,0.848256052,0.529586256,0,0,0,0.999999881],"scale":0.98681879,"type":"tree_beech_forest_b"}
{"pos":[-145.573853,-372.963745,104.373878],"rotationMatrix":[-0.898098111,0.439794868,0,-0.439794868,-0.898098111,0,0,0,0.999999881],"scale":0.912602246,"type":"tree_beech_forest_b"}
{"pos":[-202.781891,-268.449036,101.480743],"rotationMatrix":[-0.32578212,0.945444763,0,-0.945444763,-0.32578212,0,0,0,0.999999881],"scale":1.14232457,"type":"tree_beech_forest_b"}
{"pos":[-197.778458,-264.216034,103.729065],"rotationMatrix":[-0.153749287,-0.988109827,0,0.988109827,-0.153749287,0,0,0,0.999999881],"scale":1.17755091,"type":"tree_beech_forest_b"}
{"pos":[-234.801285,-68.5443039,103.108513],"rotationMatrix":[0.934134543,-0.356920868,0,0.356920868,0.934134543,0,-0,0,0.999999881],"scale":1.13551569,"type":"tree_beech_forest_b"}
{"pos":[-233.533051,-79.3875885,103.131218],"rotationMatrix":[-0.957477033,0.288509339,-0,-0.288509339,-0.957477033,0,-0,0,0.999999881],"scale":0.989384711,"type":"tree_beech_forest_b"}
{"pos":[-195.680099,-232.432953,102.913033],"rotationMatrix":[0.996034086,-0.0889709368,0,0.0889709368,0.996034086,0,-0,0,0.999999881],"scale":1.09378541,"type":"tree_beech_forest_b"}
{"pos":[-200.375549,-225.704483,101.187599],"rotationMatrix":[0.691024363,0.722831488,0,-0.722831488,0.691024363,-0,-0,0,0.999999881],"scale":0.905122221,"type":"tree_beech_forest_b"}
{"pos":[-192.092163,-213.767258,103.856743],"rotationMatrix":[-0.440433651,0.897785008,-0,-0.897785008,-0.440433651,0,-0,0,0.999999881],"scale":1.16771555,"type":"tree_beech_forest_b"}
{"pos":[-192.137772,-188.931534,103.173843],"rotationMatrix":[0.0135521628,-0.99990803,0,0.99990803,0.0135521628,0,-0,0,0.999999881],"scale":0.977038682,"type":"tree_beech_forest_b"}
{"pos":[-295.143921,-147.197403,109.364624],"rotationMatrix":[0.392642081,0.919691384,0,-0.919691384,0.392642081,-0,-0,0,0.999999881],"scale":1.14017665,"type":"tree_beech_forest_b"}
{"pos":[-293.999054,-107.500633,111.77317],"rotationMatrix":[-0.92853111,-0.371254325,0,0.371254325,-0.92853111,0,-0,0,0.999999881],"scale":0.926447272,"type":"tree_beech_forest_b"}
{"pos":[-278.479401,-98.8486252,105.045403],"rotationMatrix":[0.154778764,-0.987949073,0,0.987949073,0.154778764,0,-0,0,0.999999881],"scale":1.05460906,"type":"tree_beech_forest_b"}
{"pos":[-318.787781,20.0356865,103.196114],"rotationMatrix":[-0.6457358,0.763560653,-0,-0.763560653,-0.6457358,0,-0,0,0.999999881],"scale":1.19401634,"type":"tree_beech_forest_b"}
{"pos":[-334.742523,-9.41224003,113.395576],"rotationMatrix":[-0.247113615,0.968986452,-0,-0.968986452,-0.247113615,0,-0,0,0.999999881],"scale":0.952845275,"type":"tree_beech_forest_b"}
{"pos":[-358.761597,7.44155264,106.963364],"rotationMatrix":[0.641104281,0.76745373,0,-0.76745373,0.641104281,-0,-0,0,0.999999881],"scale":1.13188708,"type":"tree_beech_forest_b"}
{"pos":[-299.054077,56.3510818,102.869568],"rotationMatrix":[-0.324905157,0.945746481,-0,-0.945746481,-0.324905157,0,-0,0,0.999999881],"scale":1.16700041,"type":"tree_beech_forest_b"}
{"pos":[-367.899933,61.9991302,112.301788],"rotationMatrix":[-0.0536585338,-0.998559237,0,0.998559237,-0.0536585338,0,-0,0,0.999999881],"scale":1.06498504,"type":"tree_beech_forest_b"}
{"pos":[-389.792084,60.5404358,118.19574],"rotationMatrix":[-0.036498148,-0.99933362,0,0.99933362,-0.036498148,0,-0,0,0.999999881],"scale":1.19245899,"type":"tree_beech_forest_b"}
{"pos":[-365.225281,86.9397202,103.568413],"rotationMatrix":[0.971686065,0.23627539,0,-0.23627539,0.971686065,-0,-0,0,0.999999881],"scale":1.07055855,"type":"tree_beech_forest_b"}
{"pos":[-376.078705,90.0711975,107.467781],"rotationMatrix":[-0.999901056,-0.0140651902,0,0.0140651902,-0.999901056,0,-0,0,0.999999881],"scale":1.06918192,"type":"tree_beech_forest_b"}
{"pos":[-401.483795,82.3536377,120.865318],"rotationMatrix":[-0.271517038,-0.962433577,0,0.962433577,-0.271517038,0,-0,0,0.999999881],"scale":1.14798546,"type":"tree_beech_forest_b"}
{"pos":[-401.089447,90.8974609,122.438499],"rotationMatrix":[0.269306421,-0.963054419,0,0.963054419,0.269306421,0,-0,0,0.999999881],"scale":1.07353783,"type":"tree_beech_forest_b"}
{"pos":[-383.192413,92.7278748,111.442566],"rotationMatrix":[-0.0130886305,0.999914229,-0,-0.999914229,-0.0130886305,0,-0,0,0.999999881],"scale":1.12099934,"type":"tree_beech_forest_b"}
{"pos":[-408.262543,119.294151,117.173035],"rotationMatrix":[0.858621895,0.512609422,0,-0.512609422,0.858621895,-0,-0,0,0.999999881],"scale":1.16055989,"type":"tree_beech_forest_b"}
{"pos":[-401.566223,120.794128,112.670692],"rotationMatrix":[0.998249114,-0.0591480359,0,0.0591480359,0.998249114,0,-0,0,0.999999881],"scale":1.02676702,"type":"tree_beech_forest_b"}
{"pos":[-404.188965,109.292511,119.340416],"rotationMatrix":[-0.92842114,-0.371529251,0,0.371529251,-0.92842114,0,-0,0,0.999999881],"scale":1.0939945,"type":"tree_beech_forest_b"}
{"pos":[-411.334717,125.404999,115.760086],"rotationMatrix":[0.920574129,-0.39056769,0,0.39056769,0.920574129,0,-0,0,0.999999881],"scale":0.959152699,"type":"tree_beech_forest_b"}
{"pos":[-420.295319,136.829926,117.080681],"rotationMatrix":[0.174516022,-0.984654248,0,0.984654248,0.174516022,0,-0,0,0.999999881],"scale":1.1273458,"type":"tree_beech_forest_b"}
{"pos":[-411.007355,157.215271,109.817284],"rotationMatrix":[0.55404377,-0.832487404,0,0.832487404,0.55404377,0,-0,0,0.999999881],"scale":1.02429807,"type":"tree_beech_forest_b"}
{"pos":[-416.728271,163.075775,111.710793],"rotationMatrix":[0.182857469,-0.983139336,0,0.983139336,0.182857469,0,-0,0,0.999999881],"scale":0.968361497,"type":"tree_beech_forest_b"}
{"pos":[-433.579681,192.142532,113.54174],"rotationMatrix":[0.983678639,0.179934099,0,-0.179934099,0.983678639,-0,-0,0,0.999999881],"scale":1.06133747,"type":"tree_beech_forest_b"}
{"pos":[-422.114258,174.61116,111.8396],"rotationMatrix":[-0.997065604,0.076549992,-0,-0.076549992,-0.997065604,0,-0,0,0.999999881],"scale":0.914766431,"type":"tree_beech_forest_b"}
{"pos":[-466.484528,216.491608,132.906219],"rotationMatrix":[0.678929508,-0.734203219,0,0.734203219,0.678929508,0,-0,0,0.999999881],"scale":1.03807735,"type":"tree_beech_forest_b"}
{"pos":[-472.480835,245.432724,135.241348],"rotationMatrix":[-0.898417711,0.43914187,-0,-0.43914187,-0.898417711,0,-0,0,0.999999881],"scale":0.968100548,"type":"tree_beech_forest_b"}
{"pos":[-450.345154,228.184433,120.142395],"rotationMatrix":[-0.950221598,-0.311574519,0,0.311574519,-0.950221598,0,-0,0,0.999999881],"scale":1.04877543,"type":"tree_beech_forest_b"}
{"pos":[-425.306061,159.582092,116.159576],"rotationMatrix":[0.54985857,-0.83525759,0,0.83525759,0.54985857,0,-0,0,0.999999881],"scale":0.97708571,"type":"tree_beech_forest_b"}
{"pos":[-429.7388,189.626495,111.778366],"rotationMatrix":[0.638884902,-0.769302189,0,0.769302189,0.638884902,0,-0,0,0.999999881],"scale":1.14798379,"type":"tree_beech_forest_b"}
{"pos":[-437.409271,170.296143,119.523331],"rotationMatrix":[-0.534846485,-0.844949186,0,0.844949186,-0.534846485,0,-0,0,0.999999881],"scale":1.17167139,"type":"tree_beech_forest_b"}
{"pos":[-445.272461,274.365601,113.330246],"rotationMatrix":[-0.292935759,0.956131995,-0,-0.956131995,-0.292935759,0,-0,0,0.999999881],"scale":0.98005569,"type":"tree_beech_forest_b"}
{"pos":[-438.78537,308.887817,111.721657],"rotationMatrix":[0.0866171792,-0.996241629,0,0.996241629,0.0866171792,0,-0,0,0.999999881],"scale":0.961676657,"type":"tree_beech_forest_b"}
{"pos":[-452.534882,305.166168,118.849319],"rotationMatrix":[-0.802730918,-0.596341193,0,0.596341193,-0.802730918,0,-0,0,0.999999881],"scale":0.974396646,"type":"tree_beech_forest_b"}
{"pos":[-457.346008,251.165039,124.450874],"rotationMatrix":[-0.999139726,0.0414670594,-0,-0.0414670594,-0.999139726,0,-0,0,0.999999881],"scale":1.08938026,"type":"tree_beech_forest_b"}
{"pos":[-449.847015,271.520111,117.039062],"rotationMatrix":[0.0887304544,-0.996055543,0,0.996055543,0.0887304544,0,-0,0,0.999999881],"scale":1.03350365,"type":"tree_beech_forest_b"}
{"pos":[-458.397461,290.401337,121.892281],"rotationMatrix":[0.16670391,-0.986006916,0,0.986006916,0.16670391,0,-0,0,0.999999881],"scale":0.996710896,"type":"tree_beech_forest_b"}
{"pos":[-454.883575,285.845825,119.04129],"rotationMatrix":[-0.983423293,0.181324229,-0,-0.181324229,-0.983423293,0,-0,0,0.999999881],"scale":0.940488756,"type":"tree_beech_forest_b"}
{"pos":[-444.70401,321.685242,115.656631],"rotationMatrix":[-0.965988338,0.258585513,-0,-0.258585513,-0.965988338,0,-0,0,0.999999881],"scale":0.99972254,"type":"tree_beech_forest_b"}
{"pos":[-469.323669,323.406189,133.463593],"rotationMatrix":[0.730982363,0.682396352,0,-0.682396352,0.730982363,-0,-0,0,0.999999881],"scale":1.14513052,"type":"tree_beech_forest_b"}
{"pos":[-423.605988,376.004547,109.699722],"rotationMatrix":[-0.913367271,0.407136559,-0,-0.407136559,-0.913367271,0,-0,0,0.999999881],"scale":0.977510691,"type":"tree_beech_forest_b"}
{"pos":[-426.442932,386.601776,111.914001],"rotationMatrix":[0.698624909,-0.715487897,0,0.715487897,0.698624909,0,-0,0,0.999999881],"scale":0.966569722,"type":"tree_beech_forest_b"}
{"pos":[-423.178375,381.163574,110.88961],"rotationMatrix":[0.965225637,-0.261417985,0,0.261417985,0.965225637,0,-0,0,0.999999881],"scale":1.15587616,"type":"tree_beech_forest_b"}
{"pos":[-445.855377,351.24231,120.82885],"rotationMatrix":[0.571832657,0.820370257,0,-0.820370257,0.571832657,-0,-0,0,0.999999881],"scale":0.980839908,"type":"tree_beech_forest_b"}
{"pos":[-454.581726,402.755798,118.837982],"rotationMatrix":[-0.688616157,-0.725126028,0,0.725126028,-0.688616157,0,-0,0,0.999999881],"scale":1.0844444,"type":"tree_beech_forest_b"}
{"pos":[-434.53302,405.832733,110.364723],"rotationMatrix":[0.568672359,0.822564125,0,-0.822564125,0.568672359,-0,-0,0,0.999999881],"scale":1.12819529,"type":"tree_beech_forest_b"}
{"pos":[-433.601288,421.038971,113.481293],"rotationMatrix":[0.196373671,-0.98052901,0,0.98052901,0.196373671,0,-0,0,0.999999881],"scale":1.14992023,"type":"tree_beech_forest_b"}
{"pos":[-421.057037,445.024261,115.42411],"rotationMatrix":[0.97933346,0.20225206,0,-0.20225206,0.97933346,-0,-0,0,0.999999881],"scale":1.18249977,"type":"tree_beech_forest_b"}
{"pos":[-410.225586,450.264465,110.670784],"rotationMatrix":[-0.390864462,0.920448124,-0,-0.920448124,-0.390864462,0,-0,0,0.999999881],"scale":1.01268423,"type":"tree_beech_forest_b"}
{"pos":[-422.539917,464.524628,121.349968],"rotationMatrix":[-0.693219543,0.720726371,-0,-0.720726371,-0.693219543,0,-0,0,0.999999881],"scale":0.963868022,"type":"tree_beech_forest_b"}
{"pos":[-454.199921,426.175354,120.74884],"rotationMatrix":[-0.959517002,0.281650394,-0,-0.281650394,-0.959517002,0,-0,0,0.999999881],"scale":1.13960719,"type":"tree_beech_forest_b"}
{"pos":[-450.576294,439.118408,124.833534],"rotationMatrix":[-0.966571748,-0.256396055,0,0.256396055,-0.966571748,0,-0,0,0.999999881],"scale":1.09677947,"type":"tree_beech_forest_b"}
{"pos":[-451.257141,430.128479,121.552216],"rotationMatrix":[0.944957078,-0.327194035,0,0.327194035,0.944957078,0,-0,0,0.999999881],"scale":1.05587101,"type":"tree_beech_forest_b"}
{"pos":[-402.44455,478.137726,111.619781],"rotationMatrix":[0.899303496,-0.437324762,0,0.437324762,0.899303496,0,-0,0,0.999999881],"scale":1.16068637,"type":"tree_beech_forest_b"}
{"pos":[-409.041534,489.199982,117.329239],"rotationMatrix":[-0.39659813,0.917992175,-0,-0.917992175,-0.39659813,0,-0,0,0.999999881],"scale":0.925197184,"type":"tree_beech_forest_b"}
{"pos":[-407.972748,508.150787,116.742912],"rotationMatrix":[0.233534172,0.97234863,0,-0.97234863,0.233534172,-0,-0,0,0.999999881],"scale":1.05200136,"type":"tree_beech_forest_b"}
{"pos":[-411.536194,560.360352,111.029243],"rotationMatrix":[0.97080642,-0.239864156,0,0.239864156,0.97080642,0,-0,0,0.999999881],"scale":1.19256568,"type":"tree_beech_forest_b"}
{"pos":[-200.475983,-67.5164871,102.377853],"rotationMatrix":[-0.112908199,-0.993605316,0,0.993605316,-0.112908199,0,-0,0,0.999999881],"scale":1.14463699,"type":"tree_beech_forest_b"}
{"pos":[-200.963181,-54.5858307,103.051323],"rotationMatrix":[0.983838856,-0.179055393,0,0.179055393,0.983838856,0,-0,0,0.999999881],"scale":1.05058348,"type":"tree_beech_forest_b"}
{"pos":[-207.87149,-28.2517948,103.077728],"rotationMatrix":[-0.207370669,0.978262365,-0,-0.978262365,-0.207370669,0,-0,0,0.999999881],"scale":0.956775963,"type":"tree_beech_forest_b"}
{"pos":[-249.628296,53.6724243,101.429855],"rotationMatrix":[-0.892513573,0.45102033,-0,-0.45102033,-0.892513573,0,-0,0,0.999999881],"scale":0.994495094,"type":"tree_beech_forest_b"}
{"pos":[-251.689468,57.670433,101.788902],"rotationMatrix":[-0.991634309,-0.129078105,0,0.129078105,-0.991634309,0,-0,0,0.999999881],"scale":1.05849612,"type":"tree_beech_forest_b"}
{"pos":[-260.470886,65.916153,101.407623],"rotationMatrix":[0.547623038,-0.836725056,0,0.836725056,0.547623038,0,-0,0,0.999999881],"scale":1.01477003,"type":"tree_beech_forest_b"}
{"pos":[-263.221222,68.3011017,101.292511],"rotationMatrix":[-0.944723547,-0.327868044,0,0.327868044,-0.944723547,0,-0,0,0.999999881],"scale":1.08661819,"type":"tree_beech_forest_b"}
{"pos":[-274.520782,83.2128601,101.997063],"rotationMatrix":[-0.634748399,-0.772718728,0,0.772718728,-0.634748399,0,-0,0,0.999999881],"scale":0.927677631,"type":"tree_beech_forest_b"}
{"pos":[-333.394135,142.159668,102.103653],"rotationMatrix":[-0.996897638,0.0787075832,-0,-0.0787075832,-0.996897638,0,-0,0,0.999999881],"scale":0.971699715,"type":"tree_beech_forest_b"}
{"pos":[-336.095612,150.496231,101.944664],"rotationMatrix":[-0.53192544,0.846790969,-0,-0.846790969,-0.53192544,0,-0,0,0.999999881],"scale":1.12365484,"type":"tree_beech_forest_b"}
{"pos":[-345.570496,158.049103,101.932541],"rotationMatrix":[0.761063635,0.64867723,0,-0.64867723,0.761063635,-0,-0,0,0.999999881],"scale":1.13513243,"type":"tree_beech_forest_b"}
{"pos":[-361.597809,172.396439,101.617386],"rotationMatrix":[-0.143337101,-0.989673853,0,0.989673853,-0.143337101,0,-0,0,0.999999881],"scale":1.09751773,"type":"tree_beech_forest_b"}
{"pos":[-375.14563,200.607285,103.001602],"rotationMatrix":[0.89831394,0.439354122,0,-0.439354122,0.89831394,-0,-0,0,0.999999881],"scale":1.115026,"type":"tree_beech_forest_b"}
{"pos":[-379.695374,207.924026,102.867867],"rotationMatrix":[0.623372674,-0.781924784,0,0.781924784,0.623372674,0,-0,0,0.999999881],"scale":1.05693674,"type":"tree_beech_forest_b"}
{"pos":[-385.951019,302.502594,101.850395],"rotationMatrix":[0.99972409,-0.0234849565,0,0.0234849565,0.99972409,0,-0,0,0.999999881],"scale":0.974056244,"type":"tree_beech_forest_b"}
{"pos":[-367.376129,401.838165,102.129715],"rotationMatrix":[-0.99465555,-0.103247754,0,0.103247754,-0.99465555,0,-0,0,0.999999881],"scale":1.14488363,"type":"tree_beech_forest_b"}
{"pos":[-171.22023,-344.478149,104.01741],"rotationMatrix":[0.44427681,0.89588958,0,-0.89588958,0.44427681,-0,-0,0,0.999999881],"scale":1.13467169,"type":"tree_beech_forest_b"}
{"pos":[-226.963791,-271.052612,102.838623],"rotationMatrix":[0.266689748,0.96378243,0,-0.96378243,0.266689748,-0,-0,0,0.999999881],"scale":1.01524985,"type":"tree_beech_forest_b"}
{"pos":[-212.285172,-256.514648,101.97644],"rotationMatrix":[0.926845491,-0.375442803,0,0.375442803,0.926845491,0,-0,0,0.999999881],"scale":0.952582598,"type":"tree_beech_forest_b"}
{"pos":[-222.611618,-259.393951,102.383804],"rotationMatrix":[-0.0509621203,0.99870044,-0,-0.99870044,-0.0509621203,0,-0,0,0.999999881],"scale":1.17579532,"type":"tree_beech_forest_b"}
{"pos":[-214.567719,-240.303848,103.122528],"rotationMatrix":[0.00422970764,0.999991,0,-0.999991,0.00422970764,-0,-0,0,0.999999881],"scale":0.90688014,"type":"tree_beech_forest_b"}
{"pos":[-220.265198,-194.665802,103.002853],"rotationMatrix":[0.657181382,-0.753732264,0,0.753732264,0.657181382,0,-0,0,0.999999881],"scale":1.09474897,"type":"tree_beech_forest_b"}
{"pos":[-223.049866,-182.54953,102.911789],"rotationMatrix":[0.974868119,-0.222782433,0,0.222782433,0.974868119,0,-0,0,0.999999881],"scale":1.10974395,"type":"tree_beech_forest_b"}
{"pos":[-225.322937,-229.422623,103.493111],"rotationMatrix":[-0.919731975,0.392546833,-0,-0.392546833,-0.919731975,0,-0,0,0.999999881],"scale":0.942268729,"type":"tree_beech_forest_b"}
{"pos":[-167.262299,-343.11377,103.89212],"rotationMatrix":[-0.597379088,-0.801958978,0,0.801958978,-0.597379088,0,-0,0,0.999999881],"scale":1.14538348,"type":"tree_beech_forest_b"}
{"pos":[-145.497192,-352.952545,103.256187],"rotationMatrix":[-0.762850821,0.646574259,-0,-0.646574259,-0.762850821,0,-0,0,0.999999881],"scale":1.14649999,"type":"tree_beech_forest_b"}
{"pos":[-117.642517,-354.978943,103.111794],"rotationMatrix":[-0.255748838,-0.966743171,0,0.966743171,-0.255748838,0,-0,0,0.999999881],"scale":1.06892848,"type":"tree_beech_forest_b"}
{"pos":[-81.2874069,-304.746033,103.249496],"rotationMatrix":[0.979736388,0.200290784,0,-0.200290784,0.979736388,-0,-0,0,0.999999881],"scale":0.945497394,"type":"tree_beech_forest_b"}
{"pos":[-84.8584824,-289.97995,103.572372],"rotationMatrix":[0.996053159,-0.088757515,0,0.088757515,0.996053159,0,-0,0,0.999999881],"scale":0.911327302,"type":"tree_beech_forest_b"}
{"pos":[-90.877243,-268.373016,104.227524],"rotationMatrix":[-0.950689435,0.310144126,-0,-0.310144126,-0.950689435,0,-0,0,0.999999881],"scale":0.990274608,"type":"tree_beech_forest_b"}
{"pos":[-98.7904282,-268.308167,104.723877],"rotationMatrix":[-0.794152796,-0.60771811,0,0.60771811,-0.794152796,0,-0,0,0.999999881],"scale":0.921109378,"type":"tree_beech_forest_b"}
{"pos":[-168.541992,-122.603912,104.511032],"rotationMatrix":[0.998143315,0.0609076098,0,-0.0609076098,0.998143315,-0,-0,0,0.999999881],"scale":0.963387907,"type":"tree_beech_forest_b"}
{"pos":[-168.355591,-126.214409,103.979538],"rotationMatrix":[0.960568964,-0.278041631,0,0.278041631,0.960568964,0,-0,0,0.999999881],"scale":0.99295646,"type":"tree_beech_forest_b"}
{"pos":[-159.838516,-133.139954,104.168518],"rotationMatrix":[-0.607728779,-0.794144452,0,0.794144452,-0.607728779,0,-0,0,0.999999881],"scale":1.0569092,"type":"tree_beech_forest_b"}
{"pos":[1430.24097,-231.65593,121.618431],"rotationMatrix":[-0.929993212,0.36757648,-0,-0.36757648,-0.929993212,0,-0,0,0.999999881],"scale":1.17346501,"type":"tree_beech_forest_b"}
{"pos":[1424.08948,-220.205841,122.144661],"rotationMatrix":[0.339410603,-0.940638244,0,0.940638244,0.339410603,0,-0,0,0.999999881],"scale":0.949839592,"type":"tree_beech_forest_b"}
{"pos":[1473.97217,-258.128204,128.015015],"rotationMatrix":[-0.641630471,0.767013669,-0,-0.767013669,-0.641630471,0,-0,0,0.999999881],"scale":1.1434195,"type":"tree_beech_forest_b"}
{"pos":[1463.26147,-226.704117,128.076477],"rotationMatrix":[-0.264194429,0.964469314,-0,-0.964469314,-0.264194429,0,-0,0,0.999999881],"scale":1.15051436,"type":"tree_beech_forest_b"}
