{"pos":[1419.67749,-297.799835,127.483109],"rotationMatrix":[-0.0501518399,-0.998741508,0,0.998741508,-0.0501518399,0,0,0,0.999999881],"scale":1.12533963,"type":"tree_beech_small_d"}
{"pos":[1426.68921,-104.297798,113.579712],"rotationMatrix":[0.959398687,0.282053411,0,-0.282053411,0.959398687,0,0,0,0.999999881],"scale":1.00070024,"type":"tree_beech_small_d"}
{"pos":[1469.3457,-142.444458,122.329414],"rotationMatrix":[-0.999987543,0.00497872336,0,-0.00497872336,-0.999987543,0,0,0,0.999999881],"scale":0.916577101,"type":"tree_beech_small_d"}
{"pos":[1444.88208,-152.730255,121.156067],"rotationMatrix":[0.738896668,-0.673818588,0,0.673818588,0.738896668,0,0,0,0.999999881],"scale":1.07057083,"type":"tree_beech_small_d"}
{"pos":[1400.50195,-146.941071,119.856186],"rotationMatrix":[0.430018246,0.90282017,0,-0.90282017,0.430018246,0,0,0,0.999999881],"scale":1.12644374,"type":"tree_beech_small_d"}
{"pos":[75.1364822,-295.939484,104.983543],"rotationMatrix":[-0.807628572,-0.589691341,0,0.589691341,-0.807628572,0,0,0,0.999999881],"scale":1.08013606,"type":"tree_beech_small_d"}
{"pos":[72.7302399,-296.93399,105.438522],"rotationMatrix":[-0.633821249,0.773479342,0,-0.773479342,-0.633821249,0,0,0,0.999999881],"scale":0.824531913,"type":"tree_beech_small_d"}
{"pos":[70.0584641,-266.902557,106.814873],"rotationMatrix":[0.293243825,0.9560377,0,-0.9560377,0.293243825,0,0,0,0.999999881],"scale":1.00911164,"type":"tree_beech_small_d"}
{"pos":[100.979408,-250.928467,107.133804],"rotationMatrix":[-0.678138673,-0.734933794,0,0.734933794,-0.678138673,0,0,0,0.999999881],"scale":0.861542284,"type":"tree_beech_small_d"}
{"pos":[130.15683,-241.304001,106.807716],"rotationMatrix":[0.379311502,0.925269067,0,-0.925269067,0.379311502,0,0,0,0.999999881],"scale":0.833781898,"type":"tree_beech_small_d"}
{"pos":[170.14299,-228.234879,107.048676],"rotationMatrix":[-0.590303779,-0.80718118,0,0.80718118,-0.590303779,0,0,0,0.999999881],"scale":0.966621399,"type":"tree_beech_small_d"}
{"pos":[183.277695,-227.484543,106.936203],"rotationMatrix":[-0.760712802,0.649088323,0,-0.649088323,-0.760712802,0,0,0,0.999999881],"scale":1.00541854,"type":"tree_beech_small_d"}
{"pos":[185.450851,-224.519012,106.717285],"rotationMatrix":[0.814147294,0.580658376,0,-0.580658376,0.814147294,0,0,0,0.999999881],"scale":0.99464488,"type":"tree_beech_small_d"}
{"pos":[42.0483017,-290.314117,109.997627],"rotationMatrix":[-0.972198367,-0.234158635,0,0.234158635,-0.972198367,0,0,0,0.999999881],"scale":1.15028024,"type":"tree_beech_small_d"}
{"pos":[-214.156479,-348.860443,103.882263],"rotationMatrix":[0.999076188,0.0429729782,0,-0.0429729782,0.999076188,0,0,0,0.999999881],"scale":1.18998718,"type":"tree_beech_small_d"}
{"pos":[-220.80603,-326.729065,103.534401],"rotationMatrix":[-0.421643257,-0.906761646,0,0.906761646,-0.421643257,0,0,0,0.999999881],"scale":0.985490441,"type":"tree_beech_small_d"}
{"pos":[-182.97023,-368.39093,103.532654],"rotationMatrix":[-0.970665872,-0.240432218,0,0.240432218,-0.970665872,0,0,0,0.999999881],"scale":1.12673867,"type":"tree_beech_small_d"}
{"pos":[-189.033539,-368.014465,103.739113],"rotationMatrix":[-0.921893835,0.387442321,0,-0.387442321,-0.921893835,0,0,0,0.999999881],"scale":1.14786637,"type":"tree_beech_small_d"}
{"pos":[-185.926285,-370.398621,103.495651],"rotationMatrix":[0.96791631,-0.2512725,0,0.2512725,0.96791631,0,0,0,0.999999881],"scale":1.12545466,"type":"tree_beech_small_d"}
{"pos":[-209.870453,-293.533478,103.69503],"rotationMatrix":[0.615985096,-0.787757754,0,0.787757754,0.615985096,0,0,0,0.999999881],"scale":0.835684896,"type":"tree_beech_small_d"}
{"pos":[-202.983887,-278.464874,102.843864],"rotationMatrix":[-0.446543068,-0.894762099,0,0.894762099,-0.446543068,0,0,0,0.999999881],"scale":0.89821142,"type":"tree_beech_small_d"}
{"pos":[-198.770126,-266.175262,103.542168],"rotationMatrix":[-0.696150422,0.717895806,0,-0.717895806,-0.696150422,0,0,0,0.999999881],"scale":1.17554176,"type":"tree_beech_small_d"}
{"pos":[-234.830856,-118.378792,102.922455],"rotationMatrix":[0.957661748,0.28789562,0,-0.28789562,0.957661748,-0,-0,0,0.999999881],"scale":0.962432981,"type":"tree_beech_small_d"}
{"pos":[-258.912628,-160.653641,102.875648],"rotationMatrix":[-0.491303623,-0.87098825,0,0.87098825,-0.491303623,0,-0,0,0.999999881],"scale":1.19167197,"type":"tree_beech_small_d"}
{"pos":[-245.948242,-107.943245,103.509995],"rotationMatrix":[-0.189852804,-0.981812537,0,0.981812537,-0.189852804,0,-0,0,0.999999881],"scale":1.14723694,"type":"tree_beech_small_d"}
{"pos":[-244.961517,-93.013649,103.433853],"rotationMatrix":[-0.982015431,0.188800499,-0,-0.188800499,-0.982015431,0,-0,0,0.999999881],"scale":0.889656782,"type":"tree_beech_small_d"}
{"pos":[-195.902191,-240.956085,103.204697],"rotationMatrix":[-0.159198791,-0.987246454,0,0.987246454,-0.159198791,0,-0,0,0.999999881],"scale":1.08036959,"type":"tree_beech_small_d"}
{"pos":[-192.28688,-179.381638,104.036606],"rotationMatrix":[-0.94043082,0.339985043,-0,-0.339985043,-0.94043082,0,-0,0,0.999999881],"scale":1.06855738,"type":"tree_beech_small_d"}
{"pos":[-199.696503,-149.947067,104.649147],"rotationMatrix":[0.930935204,-0.365184039,0,0.365184039,0.930935204,0,-0,0,0.999999881],"scale":0.835299492,"type":"tree_beech_small_d"}
{"pos":[-298.856934,-121.403572,115.21701],"rotationMatrix":[-0.984885871,-0.173203781,0,0.173203781,-0.984885871,0,-0,0,0.999999881],"scale":0.925528467,"type":"tree_beech_small_d"}
{"pos":[-292.988342,-117.758072,114.081223],"rotationMatrix":[0.0299839675,0.999550283,0,-0.999550283,0.0299839675,-0,-0,0,0.999999881],"scale":0.93292743,"type":"tree_beech_small_d"}
{"pos":[-296.179321,-106.490631,112.27314],"rotationMatrix":[-0.972369373,-0.233447447,0,0.233447447,-0.972369373,0,-0,0,0.999999881],"scale":1.1226002,"type":"tree_beech_small_d"}
{"pos":[-312.864044,-6.57439804,106.738274],"rotationMatrix":[-0.962987721,0.269544929,-0,-0.269544929,-0.962987721,0,-0,0,0.999999881],"scale":1.1558075,"type":"tree_beech_small_d"}
{"pos":[-350.507507,11.5937309,106.43502],"rotationMatrix":[-0.441213936,0.89740181,-0,-0.89740181,-0.441213936,0,-0,0,0.999999881],"scale":0.929066598,"type":"tree_beech_small_d"}
{"pos":[-287.865387,43.5585747,102.90696],"rotationMatrix":[-0.161359414,-0.986895621,0,0.986895621,-0.161359414,0,-0,0,0.999999881],"scale":0.803764045,"type":"tree_beech_small_d"}
{"pos":[-349.554138,47.4436073,107.395515],"rotationMatrix":[0.850888371,-0.525346279,0,0.525346279,0.850888371,0,-0,0,0.999999881],"scale":0.854780734,"type":"tree_beech_small_d"}
{"pos":[-342.136749,34.2505531,106.701431],"rotationMatrix":[-0.901033103,-0.433750182,0,0.433750182,-0.901033103,0,-0,0,0.999999881],"scale":0.854061186,"type":"tree_beech_small_d"}
{"pos":[-343.446594,58.1659775,103.019814],"rotationMatrix":[0.941985786,-0.3356525,0,0.3356525,0.941985786,0,-0,0,0.999999881],"scale":0.80604285,"type":"tree_beech_small_d"}
{"pos":[-364.085632,55.8190422,112.904076],"rotationMatrix":[0.903159797,0.429304451,0,-0.429304451,0.903159797,-0,-0,0,0.999999881],"scale":1.07695866,"type":"tree_beech_small_d"}
{"pos":[-380.972412,65.3001633,116.188889],"rotationMatrix":[-0.674910605,-0.737899363,0,0.737899363,-0.674910605,0,-0,0,0.999999881],"scale":1.00840783,"type":"tree_beech_small_d"}
{"pos":[-361.962616,80.9261551,103.887672],"rotationMatrix":[-0.0718991533,-0.997411847,0,0.997411847,-0.0718991533,0,-0,0,0.999999881],"scale":1.00709319,"type":"tree_beech_small_d"}
{"pos":[-410.206726,113.771263,120.074928],"rotationMatrix":[-0.96353364,0.267587066,-0,-0.267587066,-0.96353364,0,-0,0,0.999999881],"scale":0.946644962,"type":"tree_beech_small_d"}
{"pos":[-395.065491,100.084152,117.154785],"rotationMatrix":[0.908313572,0.41828987,0,-0.41828987,0.908313572,-0,-0,0,0.999999881],"scale":1.11361682,"type":"tree_beech_small_d"}
{"pos":[-375.523163,97.6820984,105.381813],"rotationMatrix":[0.0400528349,0.999197483,0,-0.999197483,0.0400528349,-0,-0,0,0.999999881],"scale":0.889303446,"type":"tree_beech_small_d"}
{"pos":[-379.883362,110.843727,102.888031],"rotationMatrix":[0.966711342,-0.25586915,0,0.25586915,0.966711342,0,-0,0,0.999999881],"scale":1.00772178,"type":"tree_beech_small_d"}
{"pos":[-418.88031,125.590401,120.54538],"rotationMatrix":[0.996689022,-0.0813062936,0,0.0813062936,0.996689022,0,-0,0,0.999999881],"scale":1.15056992,"type":"tree_beech_small_d"}
{"pos":[-449.282257,155.023407,126.896965],"rotationMatrix":[-0.674353421,-0.738408744,0,0.738408744,-0.674353421,0,-0,0,0.999999881],"scale":0.944058239,"type":"tree_beech_small_d"}
{"pos":[-422.782532,129.921921,121.236763],"rotationMatrix":[0.264830738,-0.964294851,0,0.964294851,0.264830738,0,-0,0,0.999999881],"scale":1.12363505,"type":"tree_beech_small_d"}
{"pos":[-398.389465,125.477356,110.719963],"rotationMatrix":[0.0304501019,0.999536216,0,-0.999536216,0.0304501019,-0,-0,0,0.999999881],"scale":0.823329866,"type":"tree_beech_small_d"}
{"pos":[-416.070099,138.023514,115.129242],"rotationMatrix":[-0.834704399,-0.550698102,0,0.550698102,-0.834704399,0,-0,0,0.999999881],"scale":1.03528714,"type":"tree_beech_small_d"}
{"pos":[-411.114868,145.966476,112.413559],"rotationMatrix":[-0.481064469,-0.876685202,0,0.876685202,-0.481064469,0,-0,0,0.999999881],"scale":0.932285786,"type":"tree_beech_small_d"}
{"pos":[-424.352661,161.860229,115.804886],"rotationMatrix":[-0.163946837,0.98646909,-0,-0.98646909,-0.163946837,0,-0,0,0.999999881],"scale":0.928476095,"type":"tree_beech_small_d"}
{"pos":[-425.68573,153.258026,119.74823],"rotationMatrix":[0.934967458,-0.354733348,0,0.354733348,0.934967458,0,-0,0,0.999999881],"scale":1.0208962,"type":"tree_beech_small_d"}
{"pos":[-434.500214,152.921661,121.399841],"rotationMatrix":[-0.0855588838,0.996333003,-0,-0.996333003,-0.0855588838,0,-0,0,0.999999881],"scale":0.844171822,"type":"tree_beech_small_d"}
{"pos":[-457.6586,200.514709,127.821976],"rotationMatrix":[0.0826679543,0.996577084,0,-0.996577084,0.0826679543,-0,-0,0,0.999999881],"scale":1.14289594,"type":"tree_beech_small_d"}
{"pos":[-453.017212,202.738266,124.891312],"rotationMatrix":[0.03611416,0.999347568,0,-0.999347568,0.03611416,-0,-0,0,0.999999881],"scale":0.972640634,"type":"tree_beech_small_d"}
{"pos":[-453.713287,221.9422,124.184311],"rotationMatrix":[-0.6631127,0.748519301,-0,-0.748519301,-0.6631127,0,-0,0,0.999999881],"scale":0.96883142,"type":"tree_beech_small_d"}
{"pos":[-462.614044,229.352905,129.468018],"rotationMatrix":[0.975786626,0.218724325,0,-0.218724325,0.975786626,-0,-0,0,0.999999881],"scale":1.01194549,"type":"tree_beech_small_d"}
{"pos":[-430.873779,229.856644,106.621277],"rotationMatrix":[-0.701941848,0.712234199,-0,-0.712234199,-0.701941848,0,-0,0,0.999999881],"scale":0.857023835,"type":"tree_beech_small_d"}
{"pos":[-428.259338,228.259766,106.064423],"rotationMatrix":[-0.0698063225,0.997560441,-0,-0.997560441,-0.0698063225,0,-0,0,0.999999881],"scale":1.18646634,"type":"tree_beech_small_d"}
{"pos":[-428.80014,184.088287,113.198593],"rotationMatrix":[-0.722125649,-0.691761732,0,0.691761732,-0.722125649,0,-0,0,0.999999881],"scale":0.949727416,"type":"tree_beech_small_d"}
{"pos":[-418.614136,178.058624,108.834373],"rotationMatrix":[0.100218259,0.994965374,0,-0.994965374,0.100218259,-0,-0,0,0.999999881],"scale":0.804783404,"type":"tree_beech_small_d"}
{"pos":[-428.654938,178.840012,113.971893],"rotationMatrix":[-0.647177517,-0.762339294,0,0.762339294,-0.647177517,0,-0,0,0.999999881],"scale":0.820760369,"type":"tree_beech_small_d"}
{"pos":[-441.296478,286.761169,112.234123],"rotationMatrix":[-0.530194163,-0.847876251,0,0.847876251,-0.530194163,0,-0,0,0.999999881],"scale":1.06118369,"type":"tree_beech_small_d"}
{"pos":[-440.935516,284.409943,112.101784],"rotationMatrix":[0.983342767,-0.18176046,0,0.18176046,0.983342767,0,-0,0,0.999999881],"scale":1.13820457,"type":"tree_beech_small_d"}
{"pos":[-438.563782,316.383362,112.150414],"rotationMatrix":[0.9974159,-0.0718419701,0,0.0718419701,0.9974159,0,-0,0,0.999999881],"scale":0.898140609,"type":"tree_beech_small_d"}
{"pos":[-456.825714,238.65535,125.679008],"rotationMatrix":[0.999841273,0.0178101789,0,-0.0178101789,0.999841273,-0,-0,0,0.999999881],"scale":0.977142692,"type":"tree_beech_small_d"}
{"pos":[-479.108124,281.365631,134.333847],"rotationMatrix":[0.69033742,0.723487556,0,-0.723487556,0.69033742,-0,-0,0,0.999999881],"scale":1.00810301,"type":"tree_beech_small_d"}
{"pos":[-464.316132,292.740387,125.469559],"rotationMatrix":[0.869358003,0.494182825,0,-0.494182825,0.869358003,-0,-0,0,0.999999881],"scale":1.15225828,"type":"tree_beech_small_d"}
{"pos":[-469.570404,334.283905,133.351395],"rotationMatrix":[-0.813642323,-0.581365585,0,0.581365585,-0.813642323,0,-0,0,0.999999881],"scale":0.843340695,"type":"tree_beech_small_d"}
{"pos":[-455.283478,360.32254,126.73468],"rotationMatrix":[0.7228688,-0.690985143,0,0.690985143,0.7228688,0,-0,0,0.999999881],"scale":1.13548851,"type":"tree_beech_small_d"}
{"pos":[-450.634064,361.084839,125.066299],"rotationMatrix":[0.940923393,0.338619411,0,-0.338619411,0.940923393,-0,-0,0,0.999999881],"scale":0.846422136,"type":"tree_beech_small_d"}
{"pos":[-458.890594,401.888489,121.60202],"rotationMatrix":[0.183694214,-0.98298341,0,0.98298341,0.183694214,0,-0,0,0.999999881],"scale":0.893963218,"type":"tree_beech_small_d"}
{"pos":[-441.567566,395.688568,115.760521],"rotationMatrix":[-0.899357259,-0.437214404,0,0.437214404,-0.899357259,0,-0,0,0.999999881],"scale":1.10680401,"type":"tree_beech_small_d"}
{"pos":[-406.523438,443.745972,109.606537],"rotationMatrix":[0.411914438,0.911222517,0,-0.911222517,0.411914438,-0,-0,0,0.999999881],"scale":0.967169285,"type":"tree_beech_small_d"}
{"pos":[-409.971344,423.101593,109.485199],"rotationMatrix":[-0.911303043,0.41173619,-0,-0.41173619,-0.911303043,0,-0,0,0.999999881],"scale":1.01794612,"type":"tree_beech_small_d"}
{"pos":[-441.399506,410.545593,111.823975],"rotationMatrix":[-0.752834618,0.658209622,-0,-0.658209622,-0.752834618,0,-0,0,0.999999881],"scale":0.993619204,"type":"tree_beech_small_d"}
{"pos":[-422.855743,403.250824,107.377205],"rotationMatrix":[-0.92435205,0.381540358,-0,-0.381540358,-0.92435205,0,-0,0,0.999999881],"scale":0.817456305,"type":"tree_beech_small_d"}
{"pos":[-409.800751,440.19635,109.670395],"rotationMatrix":[0.918271363,0.395951509,0,-0.395951509,0.918271363,-0,-0,0,0.999999881],"scale":0.823916137,"type":"tree_beech_small_d"}
{"pos":[-424.557129,454.980347,118.957191],"rotationMatrix":[0.984873712,0.173273206,0,-0.173273206,0.984873712,-0,-0,0,0.999999881],"scale":1.01963246,"type":"tree_beech_small_d"}
{"pos":[-454.399323,397.533997,119.176971],"rotationMatrix":[0.804008603,-0.594617426,0,0.594617426,0.804008603,0,-0,0,0.999999881],"scale":1.1906203,"type":"tree_beech_small_d"}
{"pos":[-414.860168,464.937897,116.548035],"rotationMatrix":[-0.917607665,-0.397487074,0,0.397487074,-0.917607665,0,-0,0,0.999999881],"scale":1.14014339,"type":"tree_beech_small_d"}
{"pos":[-412.522003,481.935333,118.840652],"rotationMatrix":[0.864998281,0.501774728,0,-0.501774728,0.864998281,-0,-0,0,0.999999881],"scale":1.18840122,"type":"tree_beech_small_d"}
{"pos":[-434.407104,474.144012,125.68013],"rotationMatrix":[0.525005519,0.851098835,0,-0.851098835,0.525005519,-0,-0,0,0.999999881],"scale":1.07062626,"type":"tree_beech_small_d"}
{"pos":[-432.131592,477.542236,125.221214],"rotationMatrix":[0.0823410079,0.996604085,0,-0.996604085,0.0823410079,-0,-0,0,0.999999881],"scale":1.16175616,"type":"tree_beech_small_d"}
{"pos":[-416.614014,517.903687,118.636642],"rotationMatrix":[-0.0762307346,-0.997090042,0,0.997090042,-0.0762307346,0,-0,0,0.999999881],"scale":1.1642288,"type":"tree_beech_small_d"}
{"pos":[-414.731598,526.736145,118.1828],"rotationMatrix":[0.994775951,-0.102081768,0,0.102081768,0.994775951,0,-0,0,0.999999881],"scale":0.809628785,"type":"tree_beech_small_d"}
{"pos":[-404.081879,537.232605,114.023796],"rotationMatrix":[-0.00703218533,-0.999975145,0,0.999975145,-0.00703218533,0,-0,0,0.999999881],"scale":1.18322396,"type":"tree_beech_small_d"}
{"pos":[-198.827866,-90.231987,102.202675],"rotationMatrix":[-0.440563798,0.897721171,-0,-0.897721171,-0.440563798,0,-0,0,0.999999881],"scale":0.875284314,"type":"tree_beech_small_d"}
{"pos":[-198.501343,-87.8358841,101.78051],"rotationMatrix":[-0.999100626,-0.0424006693,0,0.0424006693,-0.999100626,0,-0,0,0.999999881],"scale":0.888604462,"type":"tree_beech_small_d"}
{"pos":[-196.980469,-75.6860962,102.778252],"rotationMatrix":[-0.989692152,-0.143210217,0,0.143210217,-0.989692152,0,-0,0,0.999999881],"scale":0.970247984,"type":"tree_beech_small_d"}
{"pos":[-215.102478,-6.78737354,102.497284],"rotationMatrix":[0.00191894243,-0.999998093,0,0.999998093,0.00191894243,0,-0,0,0.999999881],"scale":1.14014399,"type":"tree_beech_small_d"}
{"pos":[-234.644623,35.0889626,101.933945],"rotationMatrix":[0.534133434,0.845400155,0,-0.845400155,0.534133434,-0,-0,0,0.999999881],"scale":1.061867,"type":"tree_beech_small_d"}
{"pos":[-268.309265,73.2627106,102.07296],"rotationMatrix":[-0.892766714,0.450518906,-0,-0.450518906,-0.892766714,0,-0,0,0.999999881],"scale":1.13188994,"type":"tree_beech_small_d"}
{"pos":[-289.004333,95.0349808,101.340271],"rotationMatrix":[0.131498694,-0.991316259,0,0.991316259,0.131498694,0,-0,0,0.999999881],"scale":1.06336045,"type":"tree_beech_small_d"}
{"pos":[-296.479004,105.176292,101.794922],"rotationMatrix":[-0.258171618,0.966098964,-0,-0.966098964,-0.258171618,0,-0,0,0.999999881],"scale":0.887951851,"type":"tree_beech_small_d"}
{"pos":[-306.515198,116.588966,101.527504],"rotationMatrix":[-0.0887956843,0.996049762,-0,-0.996049762,-0.0887956843,0,-0,0,0.999999881],"scale":1.14756119,"type":"tree_beech_small_d"}
{"pos":[-343.501678,151.474365,102.479828],"rotationMatrix":[-0.230416924,-0.97309196,0,0.97309196,-0.230416924,0,-0,0,0.999999881],"scale":0.871089995,"type":"tree_beech_small_d"}
{"pos":[-376.12915,194.0177,101.652359],"rotationMatrix":[-0.271740019,0.962370574,-0,-0.962370574,-0.271740019,0,-0,0,0.999999881],"scale":0.959147692,"type":"tree_beech_small_d"}
{"pos":[-390.417664,251.174316,102.637871],"rotationMatrix":[0.723163784,0.69067657,0,-0.69067657,0.723163784,-0,-0,0,0.999999881],"scale":0.950180531,"type":"tree_beech_small_d"}
{"pos":[-386.156677,308.110046,101.982262],"rotationMatrix":[-0.905398667,-0.424562484,0,0.424562484,-0.905398667,0,-0,0,0.999999881],"scale":0.806346357,"type":"tree_beech_small_d"}
{"pos":[-378.17923,348.482666,102.298218],"rotationMatrix":[-0.740903854,0.671611011,-0,-0.671611011,-0.740903854,0,-0,0,0.999999881],"scale":0.833046794,"type":"tree_beech_small_d"}
{"pos":[-371.75177,390.318939,101.387375],"rotationMatrix":[0.783236146,-0.621724129,0,0.621724129,0.783236146,0,-0,0,0.999999881],"scale":0.993313432,"type":"tree_beech_small_d"}
{"pos":[-365.028046,410.54657,101.748993],"rotationMatrix":[-0.226997167,-0.973895371,0,0.973895371,-0.226997167,0,-0,0,0.999999881],"scale":1.01988089,"type":"tree_beech_small_d"}
{"pos":[-184.809708,-348.933807,103.686752],"rotationMatrix":[-0.184764609,-0.982782662,0,0.982782662,-0.184764609,0,-0,0,0.999999881],"scale":0.892953932,"type":"tree_beech_small_d"}
{"pos":[-194.964233,-348.340363,103.725418],"rotationMatrix":[-0.731023729,-0.682352006,0,0.682352006,-0.731023729,0,-0,0,0.999999881],"scale":1.09115279,"type":"tree_beech_small_d"}
{"pos":[-188.102142,-304.745331,103.160225],"rotationMatrix":[-0.985775709,0.168065995,-0,-0.168065995,-0.985775709,0,-0,0,0.999999881],"scale":1.12830555,"type":"tree_beech_small_d"}
{"pos":[-223.066116,-265.353302,103.132629],"rotationMatrix":[0.99281317,0.119674042,0,-0.119674042,0.99281317,-0,-0,0,0.999999881],"scale":0.924534142,"type":"tree_beech_small_d"}
{"pos":[-225.961304,-248.82283,103.123085],"rotationMatrix":[-0.972228408,0.234033644,-0,-0.234033644,-0.972228408,0,-0,0,0.999999881],"scale":1.02125466,"type":"tree_beech_small_d"}
{"pos":[-224.809967,-246.092926,103.058556],"rotationMatrix":[-0.902328551,0.431048721,-0,-0.431048721,-0.902328551,0,-0,0,0.999999881],"scale":1.10460186,"type":"tree_beech_small_d"}
{"pos":[-223.653076,-232.917053,103.392281],"rotationMatrix":[0.17599389,0.984391212,0,-0.984391212,0.17599389,-0,-0,0,0.999999881],"scale":1.00684702,"type":"tree_beech_small_d"}
{"pos":[-209.795349,-184.28862,103.213158],"rotationMatrix":[-0.326775104,0.945102036,-0,-0.945102036,-0.326775104,0,-0,0,0.999999881],"scale":0.893754244,"type":"tree_beech_small_d"}
{"pos":[-215.722916,-212.587067,102.822716],"rotationMatrix":[0.951402366,-0.307950228,0,0.307950228,0.951402366,0,-0,0,0.999999881],"scale":1.02976096,"type":"tree_beech_small_d"}
{"pos":[-247.662964,-205.458191,102.985603],"rotationMatrix":[0.902141929,-0.431439131,0,0.431439131,0.902141929,0,-0,0,0.999999881],"scale":0.828653276,"type":"tree_beech_small_d"}
{"pos":[-269.816559,-209.15683,102.996147],"rotationMatrix":[0.919465721,-0.393169999,0,0.393169999,0.919465721,0,-0,0,0.999999881],"scale":0.968723834,"type":"tree_beech_small_d"}
{"pos":[-268.231293,-210.400848,103.089203],"rotationMatrix":[0.971448839,-0.23724854,0,0.23724854,0.971448839,0,-0,0,0.999999881],"scale":1.00638127,"type":"tree_beech_small_d"}
{"pos":[-271.646027,-213.614975,102.962723],"rotationMatrix":[0.105250254,0.994445741,0,-0.994445741,0.105250254,-0,-0,0,0.999999881],"scale":1.15946209,"type":"tree_beech_small_d"}
{"pos":[-283.552277,-211.637405,102.894577],"rotationMatrix":[-0.901453733,-0.432875216,0,0.432875216,-0.901453733,0,-0,0,0.999999881],"scale":0.822302163,"type":"tree_beech_small_d"}
{"pos":[-222.882568,-241.762955,103.482918],"rotationMatrix":[0.996176839,0.0873583779,0,-0.0873583779,0.996176839,-0,-0,0,0.999999881],"scale":1.09533083,"type":"tree_beech_small_d"}
{"pos":[-123.836632,-263.931885,104.532043],"rotationMatrix":[0.667535722,-0.744577646,0,0.744577646,0.667535722,0,-0,0,0.999999881],"scale":1.15599978,"type":"tree_beech_small_d"}
{"pos":[-141.658295,-281.347473,103.157944],"rotationMatrix":[0.982594192,0.185764998,0,-0.185764998,0.982594192,-0,-0,0,0.999999881],"scale":0.830550134,"type":"tree_beech_small_d"}
{"pos":[-188.220398,-290.19281,103.052414],"rotationMatrix":[0.999259651,-0.03846962,0,0.03846962,0.999259651,0,-0,0,0.999999881],"scale":1.03194284,"type":"tree_beech_small_d"}
{"pos":[-169.031281,-283.075439,103.391319],"rotationMatrix":[0.95605582,-0.29318437,0,0.29318437,0.95605582,0,-0,0,0.999999881],"scale":1.00768006,"type":"tree_beech_small_d"}
{"pos":[-170.369217,-140.973846,104.19677],"rotationMatrix":[0.97999841,-0.199004784,0,0.199004784,0.97999841,0,-0,0,0.999999881],"scale":1.16588616,"type":"tree_beech_small_d"}
{"pos":[-165.053665,-142.222626,103.884895],"rotationMatrix":[0.129771054,0.991543949,0,-0.991543949,0.129771054,-0,-0,0,0.999999881],"scale":0.978564978,"type":"tree_beech_small_d"}
{"pos":[1417.04602,-228.954269,125.300301],"rotationMatrix":[-0.424971849,0.905206442,-0,-0.905206442,-0.424971849,0,-0,0,0.999999881],"scale":0.848526895,"type":"tree_beech_small_d"}
{"pos":[1428.52209,-221.554398,121.065933],"rotationMatrix":[-0.917354286,-0.398071557,0,0.398071557,-0.917354286,0,-0,0,0.999999881],"scale":0.904405594,"type":"tree_beech_small_d"}
{"pos":[1410.6521,-179.460175,119.723312],"rotationMatrix":[-0.232815564,0.972520769,-0,-0.972520769,-0.232815564,0,-0,0,0.999999881],"scale":0.911021829,"type":"tree_beech_small_d"}
{"pos":[1472.98499,-250.428101,127.888504],"rotationMatrix":[-0.0634925589,-0.997982204,0,0.997982204,-0.0634925589,0,-0,0,0.999999881],"scale":1.04882169,"type":"tree_beech_small_d"}
