{"pos":[1383.46045,-291.678131,125.293732],"rotationMatrix":[-0.999009967,-0.044485338,0,0.044485338,-0.999009967,0,0,0,0.999999881],"scale":1.25634193,"type":"tree_beech_small_forest_group2"}
{"pos":[1383.04822,-286.184509,125.881958],"rotationMatrix":[0.922571599,-0.385825723,0,0.385825723,0.922571599,0,0,0,0.999999881],"scale":1.26724577,"type":"tree_beech_small_forest_group2"}
{"pos":[1403.31909,-299.285461,126.680328],"rotationMatrix":[0.996281087,-0.0861616135,0,0.0861616135,0.996281087,0,0,0,0.999999881],"scale":1.262519,"type":"tree_beech_small_forest_group2"}
{"pos":[1427.18042,-303.279358,128.82309],"rotationMatrix":[0.123400666,-0.992356837,0,0.992356837,0.123400666,0,0,0,0.999999881],"scale":1.09305501,"type":"tree_beech_small_forest_group2"}
{"pos":[1435.10425,-298.540131,129.411316],"rotationMatrix":[-0.294249684,-0.955728471,0,0.955728471,-0.294249684,0,0,0,0.999999881],"scale":1.07379913,"type":"tree_beech_small_forest_group2"}
{"pos":[1434.09814,-104.756508,115.071365],"rotationMatrix":[0.315346628,0.948976576,0,-0.948976576,0.315346628,0,0,0,0.999999881],"scale":1.02363765,"type":"tree_beech_small_forest_group2"}
{"pos":[1429.93005,-148.885223,119.390823],"rotationMatrix":[-0.906457841,-0.422296315,0,0.422296315,-0.906457841,0,0,0,0.999999881],"scale":1.10287094,"type":"tree_beech_small_forest_group2"}
{"pos":[1412.76709,-139.543411,117.781075],"rotationMatrix":[-0.647903204,0.761722445,0,-0.761722445,-0.647903204,0,0,0,0.999999881],"scale":1.2128408,"type":"tree_beech_small_forest_group2"}
{"pos":[1404.74536,-142.254028,118.090591],"rotationMatrix":[-0.814929664,-0.579559684,0,0.579559684,-0.814929664,0,0,0,0.999999881],"scale":1.2953732,"type":"tree_beech_small_forest_group2"}
{"pos":[1399.51111,-160.759186,121.320007],"rotationMatrix":[-0.920768738,-0.390108854,0,0.390108854,-0.920768738,0,0,0,0.999999881],"scale":1.25988889,"type":"tree_beech_small_forest_group2"}
{"pos":[1400.65002,-172.710297,120.396805],"rotationMatrix":[-0.444100499,-0.895976961,0,0.895976961,-0.444100499,0,0,0,0.999999881],"scale":1.17918944,"type":"tree_beech_small_forest_group2"}
{"pos":[62.571106,-314.11087,105.882263],"rotationMatrix":[0.29539749,-0.9553743,0,0.9553743,0.29539749,0,0,0,0.999999881],"scale":1.11591125,"type":"tree_beech_small_forest_group2"}
{"pos":[57.6599503,-311.780609,107.746964],"rotationMatrix":[-0.984600961,0.174816206,0,-0.174816206,-0.984600961,0,0,0,0.999999881],"scale":1.16602898,"type":"tree_beech_small_forest_group2"}
{"pos":[85.9871521,-259.312378,107.058716],"rotationMatrix":[0.539873958,0.841745913,0,-0.841745913,0.539873958,0,0,0,0.999999881],"scale":1.03341651,"type":"tree_beech_small_forest_group2"}
{"pos":[146.478729,-236.828629,107.058716],"rotationMatrix":[-0.995688021,-0.092764236,0,0.092764236,-0.995688021,0,0,0,0.999999881],"scale":1.12621641,"type":"tree_beech_small_forest_group2"}
{"pos":[165.229126,-232.112137,107.058716],"rotationMatrix":[-0.995342791,0.0963975266,0,-0.0963975266,-0.995342791,0,0,0,0.999999881],"scale":1.01189351,"type":"tree_beech_small_forest_group2"}
{"pos":[34.9635086,-308.370575,113.746567],"rotationMatrix":[0.469445646,-0.882961214,0,0.882961214,0.469445646,0,0,0,0.999999881],"scale":1.15120816,"type":"tree_beech_small_forest_group2"}
{"pos":[44.4693794,-346.848389,105.882263],"rotationMatrix":[0.0782289505,-0.996935308,0,0.996935308,0.0782289505,0,0,0,0.999999881],"scale":1.02939594,"type":"tree_beech_small_forest_group2"}
{"pos":[-60.4536209,-376.321045,104.117584],"rotationMatrix":[0.131070688,0.991373003,0,-0.991373003,0.131070688,0,0,0,0.999999881],"scale":1.08705735,"type":"tree_beech_small_forest_group2"}
{"pos":[-222.44014,-348.056122,104.117584],"rotationMatrix":[-0.864791811,-0.502130389,0,0.502130389,-0.864791811,0,0,0,0.999999881],"scale":1.29985821,"type":"tree_beech_small_forest_group2"}
{"pos":[-124.80571,-374.967316,104.42131],"rotationMatrix":[0.539176166,0.842193007,0,-0.842193007,0.539176166,0,0,0,0.999999881],"scale":1.05372787,"type":"tree_beech_small_forest_group2"}
{"pos":[-233.526077,-46.7423515,102.80175],"rotationMatrix":[-0.0130905379,0.999914229,-0,-0.999914229,-0.0130905379,0,-0,0,0.999999881],"scale":1.15452385,"type":"tree_beech_small_forest_group2"}
{"pos":[-253.076385,-150.496536,103.383316],"rotationMatrix":[0.239912629,-0.97079438,0,0.97079438,0.239912629,0,-0,0,0.999999881],"scale":1.21063232,"type":"tree_beech_small_forest_group2"}
{"pos":[-283.939484,-127.416534,112.923187],"rotationMatrix":[0.331234187,-0.943548501,0,0.943548501,0.331234187,0,-0,0,0.999999881],"scale":1.28363657,"type":"tree_beech_small_forest_group2"}
{"pos":[-275.36969,-91.4675217,104.520439],"rotationMatrix":[0.714940429,-0.699185133,0,0.699185133,0.714940429,0,-0,0,0.999999881],"scale":1.1009835,"type":"tree_beech_small_forest_group2"}
{"pos":[-291.571503,-79.0592957,106.344475],"rotationMatrix":[0.531893492,0.846811295,0,-0.846811295,0.531893492,-0,-0,0,0.999999881],"scale":1.12047529,"type":"tree_beech_small_forest_group2"}
{"pos":[-304.238159,-53.2444916,110.139954],"rotationMatrix":[-0.474223435,0.880404413,-0,-0.880404413,-0.474223435,0,-0,0,0.999999881],"scale":1.19556713,"type":"tree_beech_small_forest_group2"}
{"pos":[-306.695129,-31.2346725,109.820526],"rotationMatrix":[0.923561513,0.38345024,0,-0.38345024,0.923561513,-0,-0,0,0.999999881],"scale":1.29405785,"type":"tree_beech_small_forest_group2"}
{"pos":[-333.423615,-14.2131109,115.712601],"rotationMatrix":[0.866628826,-0.498953134,0,0.498953134,0.866628826,0,-0,0,0.999999881],"scale":1.13712978,"type":"tree_beech_small_forest_group2"}
{"pos":[-272.597626,28.2372532,102.528687],"rotationMatrix":[-0.00467712712,-0.999988914,0,0.999988914,-0.00467712712,0,-0,0,0.999999881],"scale":1.06706309,"type":"tree_beech_small_forest_group2"}
{"pos":[-358.081665,38.4005089,115.200127],"rotationMatrix":[-0.939390481,-0.342848778,0,0.342848778,-0.939390481,0,-0,0,0.999999881],"scale":1.13861346,"type":"tree_beech_small_forest_group2"}
{"pos":[-365.787323,67.9569931,109.887428],"rotationMatrix":[0.607834935,-0.79406327,0,0.79406327,0.607834935,0,-0,0,0.999999881],"scale":1.2287159,"type":"tree_beech_small_forest_group2"}
{"pos":[-392.979614,59.192543,118.823242],"rotationMatrix":[-0.0700698644,-0.997542024,0,0.997542024,-0.0700698644,0,-0,0,0.999999881],"scale":1.27873671,"type":"tree_beech_small_forest_group2"}
{"pos":[-406.301605,96.0417175,124.781967],"rotationMatrix":[0.988506496,0.151178047,0,-0.151178047,0.988506496,-0,-0,0,0.999999881],"scale":1.27937686,"type":"tree_beech_small_forest_group2"}
{"pos":[-427.473389,117.641304,127.009048],"rotationMatrix":[0.477511078,-0.878625631,0,0.878625631,0.477511078,0,-0,0,0.999999881],"scale":1.09357905,"type":"tree_beech_small_forest_group2"}
{"pos":[-433.373535,127.684647,127.278137],"rotationMatrix":[-0.920924962,-0.38974002,0,0.38974002,-0.920924962,0,-0,0,0.999999881],"scale":1.11403942,"type":"tree_beech_small_forest_group2"}
{"pos":[-420.207825,115.970642,124.775284],"rotationMatrix":[0.869739771,-0.493510276,0,0.493510276,0.869739771,0,-0,0,0.999999881],"scale":1.23567581,"type":"tree_beech_small_forest_group2"}
{"pos":[-428.525452,124.929436,125.329483],"rotationMatrix":[-0.986030161,0.166566566,-0,-0.166566566,-0.986030161,0,-0,0,0.999999881],"scale":1.05151582,"type":"tree_beech_small_forest_group2"}
{"pos":[-411.136566,111.433754,121.843536],"rotationMatrix":[-0.566375732,0.824146926,-0,-0.824146926,-0.566375732,0,-0,0,0.999999881],"scale":1.17470479,"type":"tree_beech_small_forest_group2"}
{"pos":[-429.102295,152.445724,121.826408],"rotationMatrix":[-0.977966249,-0.20876272,0,0.20876272,-0.977966249,0,-0,0,0.999999881],"scale":1.14773095,"type":"tree_beech_small_forest_group2"}
{"pos":[-416.018494,150.505035,115.156258],"rotationMatrix":[-0.69873929,0.715376318,-0,-0.715376318,-0.69873929,0,-0,0,0.999999881],"scale":1.03252268,"type":"tree_beech_small_forest_group2"}
{"pos":[-415.567474,173.824158,108.747925],"rotationMatrix":[0.994272888,0.106870078,0,-0.106870078,0.994272888,-0,-0,0,0.999999881],"scale":1.19442403,"type":"tree_beech_small_forest_group2"}
{"pos":[-438.810455,194.944336,117.535301],"rotationMatrix":[0.992023289,0.126054496,0,-0.126054496,0.992023289,-0,-0,0,0.999999881],"scale":1.10657382,"type":"tree_beech_small_forest_group2"}
{"pos":[-432.29425,216.125137,110.136154],"rotationMatrix":[0.992572963,-0.121649764,0,0.121649764,0.992572963,0,-0,0,0.999999881],"scale":1.19259501,"type":"tree_beech_small_forest_group2"}
{"pos":[-435.090515,217.060654,111.505836],"rotationMatrix":[-0.99453491,-0.104403295,0,0.104403295,-0.99453491,0,-0,0,0.999999881],"scale":1.23598194,"type":"tree_beech_small_forest_group2"}
{"pos":[-456.646332,203.6577,128.026825],"rotationMatrix":[0.463309288,0.886196673,0,-0.886196673,0.463309288,-0,-0,0,0.999999881],"scale":1.25129259,"type":"tree_beech_small_forest_group2"}
{"pos":[-451.757263,190.580917,125.739182],"rotationMatrix":[0.225802451,0.974173069,0,-0.974173069,0.225802451,-0,-0,0,0.999999881],"scale":1.15942335,"type":"tree_beech_small_forest_group2"}
{"pos":[-444.03891,215.80014,117.72847],"rotationMatrix":[0.316023052,0.948751509,0,-0.948751509,0.316023052,-0,-0,0,0.999999881],"scale":1.14308214,"type":"tree_beech_small_forest_group2"}
{"pos":[-440.691162,248.256882,113.550827],"rotationMatrix":[0.999771178,0.0213857703,0,-0.0213857703,0.999771178,-0,-0,0,0.999999881],"scale":1.27708137,"type":"tree_beech_small_forest_group2"}
{"pos":[-444.968628,239.800903,116.736786],"rotationMatrix":[0.631769001,0.775156677,0,-0.775156677,0.631769001,-0,-0,0,0.999999881],"scale":1.16783929,"type":"tree_beech_small_forest_group2"}
{"pos":[-442.690582,222.770767,116.876572],"rotationMatrix":[-0.655096889,0.755544603,-0,-0.755544603,-0.655096889,0,-0,0,0.999999881],"scale":1.22972095,"type":"tree_beech_small_forest_group2"}
{"pos":[-446.370667,172.992798,126.396248],"rotationMatrix":[0.173625767,0.984811664,0,-0.984811664,0.173625767,-0,-0,0,0.999999881],"scale":1.01887381,"type":"tree_beech_small_forest_group2"}
{"pos":[-422.4935,166.559631,113.509781],"rotationMatrix":[0.997106254,0.0760200843,0,-0.0760200843,0.997106254,-0,-0,0,0.999999881],"scale":1.25589013,"type":"tree_beech_small_forest_group2"}
{"pos":[-421.397247,179.67157,110.821754],"rotationMatrix":[-0.481018066,-0.876710653,0,0.876710653,-0.481018066,0,-0,0,0.999999881],"scale":1.14413047,"type":"tree_beech_small_forest_group2"}
{"pos":[-435.568481,174.979797,119.457703],"rotationMatrix":[-0.95224303,0.305340856,-0,-0.305340856,-0.95224303,0,-0,0,0.999999881],"scale":1.08212578,"type":"tree_beech_small_forest_group2"}
{"pos":[-435.128418,179.929138,117.743195],"rotationMatrix":[0.9985798,-0.0532753095,0,0.0532753095,0.9985798,0,-0,0,0.999999881],"scale":1.11834466,"type":"tree_beech_small_forest_group2"}
{"pos":[-445.357269,266.195465,115.504044],"rotationMatrix":[0.867287099,0.497808248,0,-0.497808248,0.867287099,-0,-0,0,0.999999881],"scale":1.02220595,"type":"tree_beech_small_forest_group2"}
{"pos":[-445.519257,294.457214,115.011108],"rotationMatrix":[0.253920704,0.967225015,0,-0.967225015,0.253920704,-0,-0,0,0.999999881],"scale":1.18630826,"type":"tree_beech_small_forest_group2"}
{"pos":[-442.455078,309.176849,114.385124],"rotationMatrix":[0.759150922,-0.650914431,0,0.650914431,0.759150922,0,-0,0,0.999999881],"scale":1.14614773,"type":"tree_beech_small_forest_group2"}
{"pos":[-460.617004,242.70224,129.186035],"rotationMatrix":[-0.731323659,-0.68203038,0,0.68203038,-0.731323659,0,-0,0,0.999999881],"scale":1.19810271,"type":"tree_beech_small_forest_group2"}
{"pos":[-458.182129,264.04538,122.513306],"rotationMatrix":[0.0797802433,-0.996812403,0,0.996812403,0.0797802433,0,-0,0,0.999999881],"scale":1.01402617,"type":"tree_beech_small_forest_group2"}
{"pos":[-460.477844,267.692474,123.362457],"rotationMatrix":[0.308250934,-0.951304972,0,0.951304972,0.308250934,0,-0,0,0.999999881],"scale":1.04061198,"type":"tree_beech_small_forest_group2"}
{"pos":[-469.79657,288.986298,128.70343],"rotationMatrix":[-0.250524551,-0.968110144,0,0.968110144,-0.250524551,0,-0,0,0.999999881],"scale":1.00065613,"type":"tree_beech_small_forest_group2"}
{"pos":[-450.213745,300.87027,118.360748],"rotationMatrix":[0.808014631,0.58916235,0,-0.58916235,0.808014631,-0,-0,0,0.999999881],"scale":1.2069335,"type":"tree_beech_small_forest_group2"}
{"pos":[-472.797699,307.152924,133.763519],"rotationMatrix":[0.891257167,-0.453498095,0,0.453498095,0.891257167,0,-0,0,0.999999881],"scale":1.23944902,"type":"tree_beech_small_forest_group2"}
{"pos":[-459.621826,337.985413,129.7771],"rotationMatrix":[-0.225029066,0.974351943,-0,-0.974351943,-0.225029066,0,-0,0,0.999999881],"scale":1.18959117,"type":"tree_beech_small_forest_group2"}
{"pos":[-451.209503,350.630249,125.014076],"rotationMatrix":[0.692980945,0.720955908,0,-0.720955908,0.692980945,-0,-0,0,0.999999881],"scale":1.17216885,"type":"tree_beech_small_forest_group2"}
{"pos":[-450.25708,373.167633,124.437759],"rotationMatrix":[0.221088648,0.975253701,0,-0.975253701,0.221088648,-0,-0,0,0.999999881],"scale":1.03742146,"type":"tree_beech_small_forest_group2"}
{"pos":[-451.20871,400.613251,117.821953],"rotationMatrix":[-0.432863563,-0.901459336,0,0.901459336,-0.432863563,0,-0,0,0.999999881],"scale":1.12585151,"type":"tree_beech_small_forest_group2"}
{"pos":[-428.702515,367.469116,112.333946],"rotationMatrix":[0.533270717,-0.845944524,0,0.845944524,0.533270717,0,-0,0,0.999999881],"scale":1.13526583,"type":"tree_beech_small_forest_group2"}
{"pos":[-425.583313,427.466064,116.19072],"rotationMatrix":[-0.772610307,-0.634880543,0,0.634880543,-0.772610307,0,-0,0,0.999999881],"scale":1.00130701,"type":"tree_beech_small_forest_group2"}
{"pos":[-437.57605,411.641357,111.05162],"rotationMatrix":[0.0182458106,0.999833465,0,-0.999833465,0.0182458106,-0,-0,0,0.999999881],"scale":1.05022955,"type":"tree_beech_small_forest_group2"}
{"pos":[-426.280212,410.057159,109.428391],"rotationMatrix":[-0.138991266,0.990293443,-0,-0.990293443,-0.138991266,0,-0,0,0.999999881],"scale":1.08048773,"type":"tree_beech_small_forest_group2"}
{"pos":[-431.929626,390.104034,114.076042],"rotationMatrix":[-0.605879605,0.795556128,-0,-0.795556128,-0.605879605,0,-0,0,0.999999881],"scale":1.10278046,"type":"tree_beech_small_forest_group2"}
{"pos":[-414.061432,456.473358,114.880997],"rotationMatrix":[0.546549737,0.837426603,0,-0.837426603,0.546549737,-0,-0,0,0.999999881],"scale":1.24903059,"type":"tree_beech_small_forest_group2"}
{"pos":[-414.746948,462.781311,117.139481],"rotationMatrix":[-0.82261157,0.568603635,-0,-0.568603635,-0.82261157,0,-0,0,0.999999881],"scale":1.07503593,"type":"tree_beech_small_forest_group2"}
{"pos":[-449.142944,415.785339,116.491257],"rotationMatrix":[0.747321844,0.664462209,0,-0.664462209,0.747321844,-0,-0,0,0.999999881],"scale":1.24993157,"type":"tree_beech_small_forest_group2"}
{"pos":[-412.619934,474.206818,118.599686],"rotationMatrix":[0.91350776,-0.406820983,0,0.406820983,0.91350776,0,-0,0,0.999999881],"scale":1.00235689,"type":"tree_beech_small_forest_group2"}
{"pos":[-422.413361,452.700531,117.768364],"rotationMatrix":[0.945697606,-0.325047433,0,0.325047433,0.945697606,0,-0,0,0.999999881],"scale":1.02474558,"type":"tree_beech_small_forest_group2"}
{"pos":[-423.158295,469.841125,122.987183],"rotationMatrix":[-0.889558375,0.456821412,-0,-0.456821412,-0.889558375,0,-0,0,0.999999881],"scale":1.2585578,"type":"tree_beech_small_forest_group2"}
{"pos":[-416.141205,504.979706,120.629456],"rotationMatrix":[-0.828109801,0.56056565,-0,-0.56056565,-0.828109801,0,-0,0,0.999999881],"scale":1.16567969,"type":"tree_beech_small_forest_group2"}
{"pos":[-412.452301,509.987427,119.544502],"rotationMatrix":[0.125900641,0.99204278,0,-0.99204278,0.125900641,-0,-0,0,0.999999881],"scale":1.29304338,"type":"tree_beech_small_forest_group2"}
{"pos":[-402.669189,529.179077,114.164337],"rotationMatrix":[-0.623295188,-0.781986654,0,0.781986654,-0.623295188,0,-0,0,0.999999881],"scale":1.29065299,"type":"tree_beech_small_forest_group2"}
{"pos":[-212.167267,-17.2543659,101.796249],"rotationMatrix":[0.947948873,-0.318422198,0,0.318422198,0.947948873,0,-0,0,0.999999881],"scale":1.13324332,"type":"tree_beech_small_forest_group2"}
{"pos":[-225.148712,17.2642994,102.802567],"rotationMatrix":[0.196843565,0.980434835,0,-0.980434835,0.196843565,-0,-0,0,0.999999881],"scale":1.15105247,"type":"tree_beech_small_forest_group2"}
{"pos":[-256.516876,63.6783638,102.789101],"rotationMatrix":[-0.473807365,-0.880628467,0,0.880628467,-0.473807365,0,-0,0,0.999999881],"scale":1.13900578,"type":"tree_beech_small_forest_group2"}
{"pos":[-294.596222,103.67923,102.258537],"rotationMatrix":[-0.881229997,0.472687691,-0,-0.472687691,-0.881229997,0,-0,0,0.999999881],"scale":1.12085032,"type":"tree_beech_small_forest_group2"}
{"pos":[-388.778046,219.853424,102.124069],"rotationMatrix":[-0.705762565,0.70844835,-0,-0.70844835,-0.705762565,0,-0,0,0.999999881],"scale":1.00246751,"type":"tree_beech_small_forest_group2"}
{"pos":[-388.171143,243.807953,103.479019],"rotationMatrix":[0.447103858,-0.894481897,0,0.894481897,0.447103858,0,-0,0,0.999999881],"scale":1.26319194,"type":"tree_beech_small_forest_group2"}
{"pos":[-385.069824,312.82312,102.62648],"rotationMatrix":[-0.345945209,0.938254595,-0,-0.938254595,-0.345945209,0,-0,0,0.999999881],"scale":1.00175512,"type":"tree_beech_small_forest_group2"}
{"pos":[-198.214325,-331.960114,104.117584],"rotationMatrix":[0.759836733,0.650113881,0,-0.650113881,0.759836733,-0,-0,0,0.999999881],"scale":1.26682544,"type":"tree_beech_small_forest_group2"}
{"pos":[-195.597748,-329.278656,104.117584],"rotationMatrix":[-0.801450312,0.598061264,-0,-0.598061264,-0.801450312,0,-0,0,0.999999881],"scale":1.15623713,"type":"tree_beech_small_forest_group2"}
{"pos":[-215.354874,-223.19104,103.529358],"rotationMatrix":[0.985823095,-0.167787313,0,0.167787313,0.985823095,0,-0,0,0.999999881],"scale":1.0182941,"type":"tree_beech_small_forest_group2"}
{"pos":[-216.061813,-220.339142,103.529358],"rotationMatrix":[0.456547469,0.889699101,0,-0.889699101,0.456547469,-0,-0,0,0.999999881],"scale":1.24975872,"type":"tree_beech_small_forest_group2"}
{"pos":[-217.85788,-183.547714,103.529358],"rotationMatrix":[-0.999429226,-0.033777874,0,0.033777874,-0.999429226,0,-0,0,0.999999881],"scale":1.06768179,"type":"tree_beech_small_forest_group2"}
{"pos":[-236.002411,-210.172363,103.529358],"rotationMatrix":[-0.980004489,0.19897531,-0,-0.19897531,-0.980004489,0,-0,0,0.999999881],"scale":1.10292447,"type":"tree_beech_small_forest_group2"}
{"pos":[-252.177689,-203.678467,103.529358],"rotationMatrix":[-0.895493329,0.445074767,-0,-0.445074767,-0.895493329,0,-0,0,0.999999881],"scale":1.28634846,"type":"tree_beech_small_forest_group2"}
{"pos":[-273.736786,-214.46347,103.529358],"rotationMatrix":[0.383076191,0.923716724,0,-0.923716724,0.383076191,-0,-0,0,0.999999881],"scale":1.05689824,"type":"tree_beech_small_forest_group2"}
{"pos":[-231.537781,-206.704987,103.529358],"rotationMatrix":[0.968646228,0.24844408,0,-0.24844408,0.968646228,-0,-0,0,0.999999881],"scale":1.26802349,"type":"tree_beech_small_forest_group2"}
{"pos":[-221.110443,-228.527634,103.529358],"rotationMatrix":[-0.348077953,-0.937465549,0,0.937465549,-0.348077953,0,-0,0,0.999999881],"scale":1.02127111,"type":"tree_beech_small_forest_group2"}
{"pos":[-227.538589,-237.06395,103.529358],"rotationMatrix":[-0.334876895,-0.942261815,0,0.942261815,-0.334876895,0,-0,0,0.999999881],"scale":1.06456172,"type":"tree_beech_small_forest_group2"}
{"pos":[-157.831863,-346.923096,104.117584],"rotationMatrix":[0.361948431,0.932198107,0,-0.932198107,0.361948431,-0,-0,0,0.999999881],"scale":1.09900379,"type":"tree_beech_small_forest_group2"}
{"pos":[-125.168839,-351.302582,104.117584],"rotationMatrix":[-0.629663229,-0.776868045,0,0.776868045,-0.629663229,0,-0,0,0.999999881],"scale":1.1795603,"type":"tree_beech_small_forest_group2"}
{"pos":[-115.020081,-345.405792,104.117584],"rotationMatrix":[-0.993328512,0.11531803,-0,-0.11531803,-0.993328512,0,-0,0,0.999999881],"scale":1.22540915,"type":"tree_beech_small_forest_group2"}
{"pos":[-84.3379517,-320.164703,104.117584],"rotationMatrix":[-0.390233219,0.920715868,-0,-0.920715868,-0.390233219,0,-0,0,0.999999881],"scale":1.15021944,"type":"tree_beech_small_forest_group2"}
{"pos":[-74.7762985,-317.010773,104.117584],"rotationMatrix":[-0.661945462,0.749551892,-0,-0.749551892,-0.661945462,0,-0,0,0.999999881],"scale":1.00668168,"type":"tree_beech_small_forest_group2"}
{"pos":[-76.2220459,-294.731598,104.705811],"rotationMatrix":[-0.762253881,-0.647277951,0,0.647277951,-0.762253881,0,-0,0,0.999999881],"scale":1.25304055,"type":"tree_beech_small_forest_group2"}
{"pos":[-94.3884277,-296.206604,104.117584],"rotationMatrix":[0.467783034,0.883843362,0,-0.883843362,0.467783034,-0,-0,0,0.999999881],"scale":1.21153426,"type":"tree_beech_small_forest_group2"}
{"pos":[-81.0633774,-289.615051,104.705811],"rotationMatrix":[-0.999254823,-0.0385962501,0,0.0385962501,-0.999254823,0,-0,0,0.999999881],"scale":1.2531817,"type":"tree_beech_small_forest_group2"}
{"pos":[-154.247467,-281.624146,103.529358],"rotationMatrix":[0.946173489,0.323659748,0,-0.323659748,0.946173489,-0,-0,0,0.999999881],"scale":1.11675692,"type":"tree_beech_small_forest_group2"}
{"pos":[-170.750687,-151.192993,103.766701],"rotationMatrix":[-0.191785246,-0.981436849,0,0.981436849,-0.191785246,0,-0,0,0.999999881],"scale":1.1157707,"type":"tree_beech_small_forest_group2"}
{"pos":[-164.166473,-138.966415,104.705811],"rotationMatrix":[-0.998878896,-0.0473369136,0,0.0473369136,-0.998878896,0,-0,0,0.999999881],"scale":1.09556985,"type":"tree_beech_small_forest_group2"}
{"pos":[-160.935684,-146.163528,104.117584],"rotationMatrix":[0.955317438,0.295581698,0,-0.295581698,0.955317438,-0,-0,0,0.999999881],"scale":1.0309912,"type":"tree_beech_small_forest_group2"}
{"pos":[1421.14209,-241.030136,124.957901],"rotationMatrix":[-0.605009019,-0.796218634,0,0.796218634,-0.605009019,0,-0,0,0.999999881],"scale":1.00446343,"type":"tree_beech_small_forest_group2"}
{"pos":[1445.08618,-231.228668,125.36718],"rotationMatrix":[-0.748939693,0.66263783,-0,-0.66263783,-0.748939693,0,-0,0,0.999999881],"scale":1.10319686,"type":"tree_beech_small_forest_group2"}
{"pos":[1457.11719,-198.726395,126.439529],"rotationMatrix":[-0.842508614,0.53868264,-0,-0.53868264,-0.842508614,0,-0,0,0.999999881],"scale":1.00955868,"type":"tree_beech_small_forest_group2"}
{"pos":[1467.2373,-218.888672,129.411316],"rotationMatrix":[-0.232066825,-0.972699702,0,0.972699702,-0.232066825,0,-0,0,0.999999881],"scale":1.10051954,"type":"tree_beech_small_forest_group2"}
{"pos":[1468.38635,-222.559692,129.999542],"rotationMatrix":[0.0373507179,0.999302089,0,-0.999302089,0.0373507179,-0,-0,0,0.999999881],"scale":1.06787813,"type":"tree_beech_small_forest_group2"}
