{"pos":[1398.25793,-288.720764,125.397972],"rotationMatrix":[0.169062003,-0.985605299,0,0.985605299,0.169062003,0,0,0,0.999999881],"scale":0.971611381,"type":"tree_beech_forest_a"}
{"pos":[1390.78406,-297.74884,124.328377],"rotationMatrix":[-0.320015311,-0.947412312,0,0.947412312,-0.320015311,0,0,0,0.999999881],"scale":0.965729594,"type":"tree_beech_forest_a"}
{"pos":[1431.3396,-104.330719,114.199745],"rotationMatrix":[0.996460021,0.0840670094,0,-0.0840670094,0.996460021,0,0,0,0.999999881],"scale":1.0200119,"type":"tree_beech_forest_a"}
{"pos":[1459.79028,-125.018967,116.76992],"rotationMatrix":[-0.967606604,0.252462447,0,-0.252462447,-0.967606604,0,0,0,0.999999881],"scale":1.1458894,"type":"tree_beech_forest_a"}
{"pos":[1444.14172,-156.358856,121.270622],"rotationMatrix":[0.488220841,-0.872719944,0,0.872719944,0.488220841,0,0,0,0.999999881],"scale":1.09225643,"type":"tree_beech_forest_a"}
{"pos":[1446.76111,-151.252121,121.31826],"rotationMatrix":[-0.558531165,0.82948333,0,-0.82948333,-0.558531165,0,0,0,0.999999881],"scale":0.923177302,"type":"tree_beech_forest_a"}
{"pos":[1423.5592,-145.003601,116.673119],"rotationMatrix":[-0.993459702,0.114182122,0,-0.114182122,-0.993459702,0,0,0,0.999999881],"scale":1.09737527,"type":"tree_beech_forest_a"}
{"pos":[1417.90723,-141.50502,116.961525],"rotationMatrix":[0.973447144,0.228911847,0,-0.228911847,0.973447144,0,0,0,0.999999881],"scale":1.15659189,"type":"tree_beech_forest_a"}
{"pos":[1403.30273,-159.798752,119.767227],"rotationMatrix":[-0.994758427,-0.10225217,0,0.10225217,-0.994758427,0,0,0,0.999999881],"scale":1.11061418,"type":"tree_beech_forest_a"}
{"pos":[69.6388245,-292.94046,105.090012],"rotationMatrix":[-0.379813641,0.925062895,0,-0.925062895,-0.379813641,0,0,0,0.999999881],"scale":1.04118693,"type":"tree_beech_forest_a"}
{"pos":[57.6562119,-299.062469,107.157829],"rotationMatrix":[-0.605666757,-0.795718372,0,0.795718372,-0.605666757,0,0,0,0.999999881],"scale":1.02992797,"type":"tree_beech_forest_a"}
{"pos":[122.525978,-242.387207,106.041916],"rotationMatrix":[-0.7602911,0.649582386,0,-0.649582386,-0.7602911,0,0,0,0.999999881],"scale":1.14819813,"type":"tree_beech_forest_a"}
{"pos":[51.9527206,-349.604065,103.655266],"rotationMatrix":[-0.999860048,0.016721271,0,-0.016721271,-0.999860048,0,0,0,0.999999881],"scale":1.16131592,"type":"tree_beech_forest_a"}
{"pos":[33.8653679,-347.821838,107.316452],"rotationMatrix":[-0.942738354,-0.333533198,0,0.333533198,-0.942738354,0,0,0,0.999999881],"scale":1.04297101,"type":"tree_beech_forest_a"}
{"pos":[14.1456947,-361.151672,107.73098],"rotationMatrix":[-0.938829482,-0.344382286,0,0.344382286,-0.938829482,0,0,0,0.999999881],"scale":0.985992551,"type":"tree_beech_forest_a"}
{"pos":[4.40853119,-368.315338,105.261749],"rotationMatrix":[0.116766661,0.993159354,0,-0.993159354,0.116766661,0,0,0,0.999999881],"scale":0.958598733,"type":"tree_beech_forest_a"}
{"pos":[3.81715345,-363.967987,107.164848],"rotationMatrix":[-0.493110031,0.869966805,0,-0.869966805,-0.493110031,0,0,0,0.999999881],"scale":0.973280072,"type":"tree_beech_forest_a"}
{"pos":[-0.229025126,-368.516937,105.98999],"rotationMatrix":[0.713883758,0.700264215,0,-0.700264215,0.713883758,0,0,0,0.999999881],"scale":1.02275681,"type":"tree_beech_forest_a"}
{"pos":[-97.0214157,-373.235016,103.659157],"rotationMatrix":[0.530793071,-0.847501278,0,0.847501278,0.530793071,0,0,0,0.999999881],"scale":0.949544847,"type":"tree_beech_forest_a"}
{"pos":[-104.726486,-376.846313,103.207909],"rotationMatrix":[0.156043783,0.987750113,0,-0.987750113,0.156043783,0,0,0,0.999999881],"scale":0.952041447,"type":"tree_beech_forest_a"}
{"pos":[-140.198883,-374.197479,103.331451],"rotationMatrix":[0.62036252,0.784315228,0,-0.784315228,0.62036252,0,0,0,0.999999881],"scale":0.988459468,"type":"tree_beech_forest_a"}
{"pos":[-192.592804,-365.554871,103.594711],"rotationMatrix":[0.0995046571,-0.995037019,0,0.995037019,0.0995046571,0,0,0,0.999999881],"scale":0.96376878,"type":"tree_beech_forest_a"}
{"pos":[-213.832336,-355.298767,103.919617],"rotationMatrix":[-0.711625576,-0.702558756,0,0.702558756,-0.711625576,0,0,0,0.999999881],"scale":1.03060973,"type":"tree_beech_forest_a"}
{"pos":[-224.807144,-320.039459,104.015541],"rotationMatrix":[0.184745714,0.982786357,0,-0.982786357,0.184745714,0,0,0,0.999999881],"scale":0.91483438,"type":"tree_beech_forest_a"}
{"pos":[-231.545441,-329.203033,103.097694],"rotationMatrix":[-0.186155275,0.982520223,0,-0.982520223,-0.186155275,0,0,0,0.999999881],"scale":0.942365527,"type":"tree_beech_forest_a"}
{"pos":[-235.525436,-324.078979,103.006767],"rotationMatrix":[-0.959648907,0.281200826,0,-0.281200826,-0.959648907,0,0,0,0.999999881],"scale":1.09303522,"type":"tree_beech_forest_a"}
{"pos":[-233.789566,-325.028717,103.343475],"rotationMatrix":[0.0220959615,0.99975574,0,-0.99975574,0.0220959615,0,0,0,0.999999881],"scale":0.956926167,"type":"tree_beech_forest_a"}
{"pos":[-93.4466858,-373.469788,103.520844],"rotationMatrix":[0.0970931351,0.995275199,0,-0.995275199,0.0970931351,0,0,0,0.999999881],"scale":0.911260903,"type":"tree_beech_forest_a"}
{"pos":[-127.260025,-375.415192,103.521767],"rotationMatrix":[-0.99809289,-0.0617282204,0,0.0617282204,-0.99809289,0,0,0,0.999999881],"scale":1.04589581,"type":"tree_beech_forest_a"}
{"pos":[-209.026443,-288.217407,102.988846],"rotationMatrix":[0.917972028,0.39664498,0,-0.39664498,0.917972028,0,0,0,0.999999881],"scale":0.959181845,"type":"tree_beech_forest_a"}
{"pos":[-206.227676,-275.160736,101.450958],"rotationMatrix":[0.535254061,0.844691157,0,-0.844691157,0.535254061,0,0,0,0.999999881],"scale":1.18505561,"type":"tree_beech_forest_a"}
{"pos":[-201.212952,-270.091492,102.007568],"rotationMatrix":[0.0306292847,-0.999530733,0,0.999530733,0.0306292847,0,0,0,0.999999881],"scale":0.96463263,"type":"tree_beech_forest_a"}
{"pos":[-196.0849,-253.567612,103.522522],"rotationMatrix":[0.181718409,-0.983350575,0,0.983350575,0.181718409,0,0,0,0.999999881],"scale":1.1038686,"type":"tree_beech_forest_a"}
{"pos":[-234.914871,-53.6679726,103.296066],"rotationMatrix":[-0.99192518,0.126823887,-0,-0.126823887,-0.99192518,0,-0,0,0.999999881],"scale":0.913231134,"type":"tree_beech_forest_a"}
{"pos":[-235.713379,-61.5231705,102.800323],"rotationMatrix":[0.863024652,0.505161762,0,-0.505161762,0.863024652,-0,-0,0,0.999999881],"scale":1.14407039,"type":"tree_beech_forest_a"}
{"pos":[-256.421021,-146.788666,104.526314],"rotationMatrix":[-0.766338944,-0.642436504,0,0.642436504,-0.766338944,0,-0,0,0.999999881],"scale":1.15766692,"type":"tree_beech_forest_a"}
{"pos":[-237.94725,-94.3174591,103.488724],"rotationMatrix":[-0.98366791,-0.179992348,0,0.179992348,-0.98366791,0,-0,0,0.999999881],"scale":0.994907618,"type":"tree_beech_forest_a"}
{"pos":[-192.125839,-208.162155,103.949089],"rotationMatrix":[0.984651268,-0.174532771,0,0.174532771,0.984651268,0,-0,0,0.999999881],"scale":0.979775012,"type":"tree_beech_forest_a"}
{"pos":[-198.491684,-202.995438,102.127701],"rotationMatrix":[-0.279928207,0.96002084,-0,-0.96002084,-0.279928207,0,-0,0,0.999999881],"scale":1.06217337,"type":"tree_beech_forest_a"}
{"pos":[-194.939926,-149.927353,104.821533],"rotationMatrix":[-0.872452557,-0.48869893,0,0.48869893,-0.872452557,0,-0,0,0.999999881],"scale":1.15140569,"type":"tree_beech_forest_a"}
{"pos":[-284.451355,-130.124756,112.899544],"rotationMatrix":[0.800224006,0.599701226,0,-0.599701226,0.800224006,-0,-0,0,0.999999881],"scale":1.109815,"type":"tree_beech_forest_a"}
{"pos":[-301.532349,-141.384949,112.893501],"rotationMatrix":[0.216493472,-0.976283967,0,0.976283967,0.216493472,0,-0,0,0.999999881],"scale":1.10435367,"type":"tree_beech_forest_a"}
{"pos":[-293.386414,-128.342117,114.726196],"rotationMatrix":[0.716795623,-0.697283268,0,0.697283268,0.716795623,0,-0,0,0.999999881],"scale":1.08198714,"type":"tree_beech_forest_a"}
{"pos":[-280.026459,-100.341011,105.29467],"rotationMatrix":[0.917723,0.397220939,0,-0.397220939,0.917723,-0,-0,0,0.999999881],"scale":1.07189012,"type":"tree_beech_forest_a"}
{"pos":[-270.337891,-102.064552,103.773865],"rotationMatrix":[-0.997430742,-0.071635969,0,0.071635969,-0.997430742,0,-0,0,0.999999881],"scale":1.00208902,"type":"tree_beech_forest_a"}
{"pos":[-283.100494,-76.7048492,104.804077],"rotationMatrix":[-0.630729139,0.776002824,-0,-0.776002824,-0.630729139,0,-0,0,0.999999881],"scale":1.07800007,"type":"tree_beech_forest_a"}
{"pos":[-326.282104,-1.63371277,109.945267],"rotationMatrix":[-0.936369598,0.351015627,-0,-0.351015627,-0.936369598,0,-0,0,0.999999881],"scale":1.15328264,"type":"tree_beech_forest_a"}
{"pos":[-325.749207,8.45693493,107.846756],"rotationMatrix":[0.784038901,-0.620711565,0,0.620711565,0.784038901,0,-0,0,0.999999881],"scale":0.906936347,"type":"tree_beech_forest_a"}
{"pos":[-328.467468,-2.64620161,111.570709],"rotationMatrix":[0.607969522,-0.793960273,0,0.793960273,0.607969522,0,-0,0,0.999999881],"scale":0.910821915,"type":"tree_beech_forest_a"}
{"pos":[-327.299683,12.7583008,107.192726],"rotationMatrix":[-0.868015468,-0.49653697,0,0.49653697,-0.868015468,0,-0,0,0.999999881],"scale":0.955449283,"type":"tree_beech_forest_a"}
{"pos":[-325.354126,22.0078278,104.529335],"rotationMatrix":[0.691314518,0.722553968,0,-0.722553968,0.691314518,-0,-0,0,0.999999881],"scale":1.17238927,"type":"tree_beech_forest_a"}
{"pos":[-336.573456,22.9090633,104.835358],"rotationMatrix":[-0.700661361,-0.713493824,0,0.713493824,-0.700661361,0,-0,0,0.999999881],"scale":0.982741714,"type":"tree_beech_forest_a"}
{"pos":[-316.249237,11.1441593,103.218376],"rotationMatrix":[-0.820879042,-0.571102083,0,0.571102083,-0.820879042,0,-0,0,0.999999881],"scale":1.18021917,"type":"tree_beech_forest_a"}
{"pos":[-343.062531,-0.90715313,110.354507],"rotationMatrix":[-0.43037951,0.902647913,-0,-0.902647913,-0.43037951,0,-0,0,0.999999881],"scale":0.915559351,"type":"tree_beech_forest_a"}
{"pos":[-356.734253,6.2304287,106.800644],"rotationMatrix":[0.355478883,0.934684336,0,-0.934684336,0.355478883,-0,-0,0,0.999999881],"scale":1.15616333,"type":"tree_beech_forest_a"}
{"pos":[-262.613586,20.7812309,102.155029],"rotationMatrix":[-0.98983556,0.142216459,-0,-0.142216459,-0.98983556,0,-0,0,0.999999881],"scale":1.11655581,"type":"tree_beech_forest_a"}
{"pos":[-276.152466,28.5721436,101.998283],"rotationMatrix":[0.20709832,-0.978320062,0,0.978320062,0.20709832,0,-0,0,0.999999881],"scale":1.15256763,"type":"tree_beech_forest_a"}
{"pos":[-270.446686,21.258831,102.669563],"rotationMatrix":[-0.881809294,-0.471606225,0,0.471606225,-0.881809294,0,-0,0,0.999999881],"scale":1.03163862,"type":"tree_beech_forest_a"}
{"pos":[-289.800781,46.4001083,102.280472],"rotationMatrix":[-0.269693911,-0.962945998,0,0.962945998,-0.269693911,0,-0,0,0.999999881],"scale":1.03358245,"type":"tree_beech_forest_a"}
{"pos":[-290.594696,42.6007729,102.768005],"rotationMatrix":[-0.123007141,-0.992405713,0,0.992405713,-0.123007141,0,-0,0,0.999999881],"scale":1.19501305,"type":"tree_beech_forest_a"}
{"pos":[-370.815308,77.0080566,109.514702],"rotationMatrix":[-0.0524621457,0.998622835,-0,-0.998622835,-0.0524621457,0,-0,0,0.999999881],"scale":0.927703619,"type":"tree_beech_forest_a"}
{"pos":[-387.055969,77.5582809,116.153481],"rotationMatrix":[-0.0829745904,0.996551573,-0,-0.996551573,-0.0829745904,0,-0,0,0.999999881],"scale":1.06016743,"type":"tree_beech_forest_a"}
{"pos":[-393.053223,93.5132294,116.574387],"rotationMatrix":[-0.976969659,0.213377699,-0,-0.213377699,-0.976969659,0,-0,0,0.999999881],"scale":1.08067441,"type":"tree_beech_forest_a"}
{"pos":[-399.973694,110.46891,116.528],"rotationMatrix":[-0.07400354,-0.997257888,0,0.997257888,-0.07400354,0,-0,0,0.999999881],"scale":0.941486955,"type":"tree_beech_forest_a"}
{"pos":[-396.771606,89.4504623,119.112312],"rotationMatrix":[-0.547354996,0.836900294,-0,-0.836900294,-0.547354996,0,-0,0,0.999999881],"scale":1.11317503,"type":"tree_beech_forest_a"}
{"pos":[-388.712189,95.0132599,113.912216],"rotationMatrix":[0.618649483,-0.785667062,0,0.785667062,0.618649483,0,-0,0,0.999999881],"scale":1.09157205,"type":"tree_beech_forest_a"}
{"pos":[-413.369293,127.294769,116.122643],"rotationMatrix":[0.82940644,-0.558645546,0,0.558645546,0.82940644,0,-0,0,0.999999881],"scale":0.9038468,"type":"tree_beech_forest_a"}
{"pos":[-416.51828,122.528954,120.001366],"rotationMatrix":[0.368821681,0.929500163,0,-0.929500163,0.368821681,-0,-0,0,0.999999881],"scale":1.1748029,"type":"tree_beech_forest_a"}
{"pos":[-414.258118,142.86882,114.029533],"rotationMatrix":[0.733363509,-0.679836571,0,0.679836571,0.733363509,0,-0,0,0.999999881],"scale":1.19495082,"type":"tree_beech_forest_a"}
{"pos":[-414.656738,168.27829,108.648804],"rotationMatrix":[0.973280251,-0.229619876,0,0.229619876,0.973280251,0,-0,0,0.999999881],"scale":1.12829602,"type":"tree_beech_forest_a"}
{"pos":[-430.083038,181.503784,114.139175],"rotationMatrix":[-0.065429464,0.997857094,-0,-0.997857094,-0.065429464,0,-0,0,0.999999881],"scale":0.914496005,"type":"tree_beech_forest_a"}
{"pos":[-438.403839,190.598587,116.831841],"rotationMatrix":[0.952157915,-0.305606127,0,0.305606127,0.952157915,0,-0,0,0.999999881],"scale":0.900690615,"type":"tree_beech_forest_a"}
{"pos":[-439.512695,201.922455,116.550529],"rotationMatrix":[-0.824968696,-0.565178216,0,0.565178216,-0.824968696,0,-0,0,0.999999881],"scale":1.1745826,"type":"tree_beech_forest_a"}
{"pos":[-440.270569,164.656006,122.83963],"rotationMatrix":[0.735941708,-0.67704469,0,0.67704469,0.735941708,0,-0,0,0.999999881],"scale":0.949678838,"type":"tree_beech_forest_a"}
{"pos":[-449.194061,233.532028,118.054199],"rotationMatrix":[-0.329820365,-0.944043696,0,0.944043696,-0.329820365,0,-0,0,0.999999881],"scale":1.16577983,"type":"tree_beech_forest_a"}
{"pos":[-447.949219,242.081604,118.701973],"rotationMatrix":[0.751671731,0.659537375,0,-0.659537375,0.751671731,-0,-0,0,0.999999881],"scale":1.09297907,"type":"tree_beech_forest_a"}
{"pos":[-456.798706,268.338837,120.458275],"rotationMatrix":[-0.967309833,0.253597289,-0,-0.253597289,-0.967309833,0,-0,0,0.999999881],"scale":1.03277266,"type":"tree_beech_forest_a"}
{"pos":[-457.386414,273.478455,119.855019],"rotationMatrix":[-0.133097604,-0.991102874,0,0.991102874,-0.133097604,0,-0,0,0.999999881],"scale":1.19062006,"type":"tree_beech_forest_a"}
{"pos":[-474.932037,314.309753,134.514877],"rotationMatrix":[0.0476515293,0.998863935,0,-0.998863935,0.0476515293,-0,-0,0,0.999999881],"scale":0.91670531,"type":"tree_beech_forest_a"}
{"pos":[-463.185791,322.714874,129.121124],"rotationMatrix":[0.446379483,-0.894843698,0,0.894843698,0.446379483,0,-0,0,0.999999881],"scale":1.19006157,"type":"tree_beech_forest_a"}
{"pos":[-442.418823,346.567841,119.194618],"rotationMatrix":[-0.201160148,-0.979558289,0,0.979558289,-0.201160148,0,-0,0,0.999999881],"scale":0.972838938,"type":"tree_beech_forest_a"}
{"pos":[-452.977173,345.565308,125.854469],"rotationMatrix":[-0.632314861,-0.77471149,0,0.77471149,-0.632314861,0,-0,0,0.999999881],"scale":0.996317208,"type":"tree_beech_forest_a"}
{"pos":[-464.817719,395.526123,125.492508],"rotationMatrix":[0.999584854,-0.0288075991,0,0.0288075991,0.999584854,0,-0,0,0.999999881],"scale":1.09444094,"type":"tree_beech_forest_a"}
{"pos":[-452.278076,382.729218,122.225128],"rotationMatrix":[0.402163416,-0.915567815,0,0.915567815,0.402163416,0,-0,0,0.999999881],"scale":1.1728276,"type":"tree_beech_forest_a"}
{"pos":[-448.920441,397.918152,117.452759],"rotationMatrix":[-0.65704453,-0.753851771,0,0.753851771,-0.65704453,0,-0,0,0.999999881],"scale":0.97309649,"type":"tree_beech_forest_a"}
{"pos":[-430.45462,372.213806,111.606804],"rotationMatrix":[-0.718067288,0.695973635,-0,-0.695973635,-0.718067288,0,-0,0,0.999999881],"scale":1.0867424,"type":"tree_beech_forest_a"}
{"pos":[-421.38562,395.278931,107.421303],"rotationMatrix":[0.955887139,-0.293733954,0,0.293733954,0.955887139,0,-0,0,0.999999881],"scale":1.08090568,"type":"tree_beech_forest_a"}
{"pos":[-432.950409,401.042603,110.449867],"rotationMatrix":[0.943481982,-0.331423551,0,0.331423551,0.943481982,0,-0,0,0.999999881],"scale":0.912932873,"type":"tree_beech_forest_a"}
{"pos":[-435.764435,387.213043,116.280785],"rotationMatrix":[-0.417483658,0.908684313,-0,-0.908684313,-0.417483658,0,-0,0,0.999999881],"scale":1.19602561,"type":"tree_beech_forest_a"}
{"pos":[-441.576599,383.808014,119.844261],"rotationMatrix":[0.390751541,-0.920496166,0,0.920496166,0.390751541,0,-0,0,0.999999881],"scale":0.934116721,"type":"tree_beech_forest_a"}
{"pos":[-417.107941,446.531403,113.113564],"rotationMatrix":[0.850990057,-0.525181532,0,0.525181532,0.850990057,0,-0,0,0.999999881],"scale":1.16299009,"type":"tree_beech_forest_a"}
{"pos":[-422.593994,443.216034,117.350487],"rotationMatrix":[0.993806958,0.111119926,0,-0.111119926,0.993806958,-0,-0,0,0.999999881],"scale":1.02246749,"type":"tree_beech_forest_a"}
{"pos":[-405.712952,467.291748,112.383614],"rotationMatrix":[-0.601581454,-0.798811257,0,0.798811257,-0.601581454,0,-0,0,0.999999881],"scale":1.05895948,"type":"tree_beech_forest_a"}
{"pos":[-445.00473,430.901886,118.762032],"rotationMatrix":[0.956569135,-0.291505218,0,0.291505218,0.956569135,0,-0,0,0.999999881],"scale":1.01020193,"type":"tree_beech_forest_a"}
{"pos":[-433.132538,414.072235,110.20488],"rotationMatrix":[0.679353356,0.733811259,0,-0.733811259,0.679353356,-0,-0,0,0.999999881],"scale":1.08606005,"type":"tree_beech_forest_a"}
{"pos":[-420.838989,501.502411,121.224892],"rotationMatrix":[0.433502495,0.901152372,0,-0.901152372,0.433502495,-0,-0,0,0.999999881],"scale":0.927695274,"type":"tree_beech_forest_a"}
{"pos":[-399.554382,486.756104,110.016075],"rotationMatrix":[0.935832679,-0.352444172,0,0.352444172,0.935832679,0,-0,0,0.999999881],"scale":0.982172668,"type":"tree_beech_forest_a"}
{"pos":[-404.442047,514.150696,115.253441],"rotationMatrix":[-0.600191414,-0.799856365,0,0.799856365,-0.600191414,0,-0,0,0.999999881],"scale":1.07775044,"type":"tree_beech_forest_a"}
{"pos":[-410.538025,548.224121,112.964935],"rotationMatrix":[-0.795111001,-0.60646373,0,0.60646373,-0.795111001,0,-0,0,0.999999881],"scale":1.00910425,"type":"tree_beech_forest_a"}
{"pos":[-196.211151,-127.7827,102.560699],"rotationMatrix":[-0.959852159,-0.280506194,0,0.280506194,-0.959852159,0,-0,0,0.999999881],"scale":1.08954477,"type":"tree_beech_forest_a"}
{"pos":[-198.417007,-93.3263931,102.025505],"rotationMatrix":[-0.909711719,-0.415240169,0,0.415240169,-0.909711719,0,-0,0,0.999999881],"scale":0.964782596,"type":"tree_beech_forest_a"}
{"pos":[-203.35997,-43.6520081,102.781715],"rotationMatrix":[0.453827649,0.891089499,0,-0.891089499,0.453827649,-0,-0,0,0.999999881],"scale":0.942136347,"type":"tree_beech_forest_a"}
{"pos":[-212.133636,-29.9613667,101.00441],"rotationMatrix":[-0.730196774,-0.683236897,0,0.683236897,-0.730196774,0,-0,0,0.999999881],"scale":0.956686974,"type":"tree_beech_forest_a"}
{"pos":[-223.563248,11.0941467,101.250824],"rotationMatrix":[-0.916743934,0.399475187,-0,-0.399475187,-0.916743934,0,-0,0,0.999999881],"scale":1.01387668,"type":"tree_beech_forest_a"}
{"pos":[-226.592926,19.6848869,101.643692],"rotationMatrix":[0.168267488,0.985741317,0,-0.985741317,0.168267488,-0,-0,0,0.999999881],"scale":1.16179717,"type":"tree_beech_forest_a"}
{"pos":[-252.542526,59.923996,102.624382],"rotationMatrix":[-0.705073118,0.7091344,-0,-0.7091344,-0.705073118,0,-0,0,0.999999881],"scale":0.96622467,"type":"tree_beech_forest_a"}
{"pos":[-272.834808,76.8266525,100.999535],"rotationMatrix":[-0.900947869,0.433927357,-0,-0.433927357,-0.900947869,0,-0,0,0.999999881],"scale":1.05928612,"type":"tree_beech_forest_a"}
{"pos":[-277.022827,83.2441254,101.7686],"rotationMatrix":[0.666270435,-0.745710015,0,0.745710015,0.666270435,0,-0,0,0.999999881],"scale":1.04473031,"type":"tree_beech_forest_a"}
{"pos":[-277.296417,86.7167892,101.772652],"rotationMatrix":[0.73232013,-0.680960417,0,0.680960417,0.73232013,0,-0,0,0.999999881],"scale":1.05698061,"type":"tree_beech_forest_a"}
{"pos":[-285.049255,90.6165771,102.022781],"rotationMatrix":[-0.608167589,-0.79380852,0,0.79380852,-0.608167589,0,-0,0,0.999999881],"scale":1.04099512,"type":"tree_beech_forest_a"}
{"pos":[-323.472443,133.551544,101.598511],"rotationMatrix":[-0.712228656,0.701947451,-0,-0.701947451,-0.712228656,0,-0,0,0.999999881],"scale":1.10467696,"type":"tree_beech_forest_a"}
{"pos":[-338.206085,146.414703,101.509422],"rotationMatrix":[-0.135330707,0.990800381,-0,-0.990800381,-0.135330707,0,-0,0,0.999999881],"scale":0.968951106,"type":"tree_beech_forest_a"}
{"pos":[-379.643585,205.46817,102.060669],"rotationMatrix":[-0.756542742,0.653944016,-0,-0.653944016,-0.756542742,0,-0,0,0.999999881],"scale":0.956472754,"type":"tree_beech_forest_a"}
{"pos":[-374.735382,353.96463,102.374115],"rotationMatrix":[-0.376570553,-0.926387846,0,0.926387846,-0.376570553,0,-0,0,0.999999881],"scale":1.14426422,"type":"tree_beech_forest_a"}
{"pos":[-173.304382,-346.146301,103.322784],"rotationMatrix":[-0.999774694,0.021222515,-0,-0.021222515,-0.999774694,0,-0,0,0.999999881],"scale":0.918186426,"type":"tree_beech_forest_a"}
{"pos":[-184.918625,-351.603241,103.793526],"rotationMatrix":[-0.743301928,0.668955803,-0,-0.668955803,-0.743301928,0,-0,0,0.999999881],"scale":0.94023937,"type":"tree_beech_forest_a"}
{"pos":[-189.295532,-352.240631,103.92334],"rotationMatrix":[0.750031233,0.661402404,0,-0.661402404,0.750031233,-0,-0,0,0.999999881],"scale":1.03284085,"type":"tree_beech_forest_a"}
{"pos":[-240.530167,-202.987442,103.325539],"rotationMatrix":[0.222229198,-0.974994361,0,0.974994361,0.222229198,0,-0,0,0.999999881],"scale":1.12899709,"type":"tree_beech_forest_a"}
{"pos":[-244.482254,-206.740295,102.918503],"rotationMatrix":[-0.051495973,-0.998673141,0,0.998673141,-0.051495973,0,-0,0,0.999999881],"scale":1.09848082,"type":"tree_beech_forest_a"}
{"pos":[-219.834824,-245.880508,102.620789],"rotationMatrix":[-0.554148853,-0.832417428,0,0.832417428,-0.554148853,0,-0,0,0.999999881],"scale":0.92495358,"type":"tree_beech_forest_a"}
{"pos":[-148.706879,-356.03717,104.063126],"rotationMatrix":[0.301235378,-0.953549683,0,0.953549683,0.301235378,0,-0,0,0.999999881],"scale":1.01447105,"type":"tree_beech_forest_a"}
{"pos":[-133.82077,-350.388733,103.20253],"rotationMatrix":[0.147343233,-0.989085376,0,0.989085376,0.147343233,0,-0,0,0.999999881],"scale":1.09311318,"type":"tree_beech_forest_a"}
{"pos":[-130.717712,-356.940338,103.10289],"rotationMatrix":[0.848771453,-0.528759599,0,0.528759599,0.848771453,0,-0,0,0.999999881],"scale":1.08706379,"type":"tree_beech_forest_a"}
{"pos":[-121.762894,-354.16449,103.901474],"rotationMatrix":[-0.141371772,-0.989956498,0,0.989956498,-0.141371772,0,-0,0,0.999999881],"scale":0.90503782,"type":"tree_beech_forest_a"}
{"pos":[-87.8663559,-293.598511,104.045273],"rotationMatrix":[0.963087738,-0.26918745,0,0.26918745,0.963087738,0,-0,0,0.999999881],"scale":1.00267279,"type":"tree_beech_forest_a"}
{"pos":[-92.2497635,-297.224426,103.383423],"rotationMatrix":[-0.765638173,0.643271148,-0,-0.643271148,-0.765638173,0,-0,0,0.999999881],"scale":1.12857163,"type":"tree_beech_forest_a"}
{"pos":[-97.8777008,-273.150879,105.042358],"rotationMatrix":[-0.276712626,0.96095258,-0,-0.96095258,-0.276712626,0,-0,0,0.999999881],"scale":1.16471493,"type":"tree_beech_forest_a"}
{"pos":[-132.236542,-272.195374,103.517731],"rotationMatrix":[0.888878882,-0.458142102,0,0.458142102,0.888878882,0,-0,0,0.999999881],"scale":0.980423808,"type":"tree_beech_forest_a"}
{"pos":[-151.827454,-277.402679,103.064774],"rotationMatrix":[0.30809471,0.951355696,0,-0.951355696,0.30809471,-0,-0,0,0.999999881],"scale":1.15340161,"type":"tree_beech_forest_a"}
{"pos":[-167.866013,-143.464447,103.366669],"rotationMatrix":[0.973583817,0.228329733,0,-0.228329733,0.973583817,-0,-0,0,0.999999881],"scale":1.06396222,"type":"tree_beech_forest_a"}
{"pos":[-173.145004,-158.497055,103.235672],"rotationMatrix":[0.191490471,-0.981494367,0,0.981494367,0.191490471,0,-0,0,0.999999881],"scale":0.972939312,"type":"tree_beech_forest_a"}
{"pos":[-172.937805,-139.670395,104.654602],"rotationMatrix":[0.109186582,-0.994021237,0,0.994021237,0.109186582,0,-0,0,0.999999881],"scale":1.04795706,"type":"tree_beech_forest_a"}
{"pos":[-171.125519,-133.899246,104.423195],"rotationMatrix":[0.830373108,0.557207763,0,-0.557207763,0.830373108,-0,-0,0,0.999999881],"scale":1.02273202,"type":"tree_beech_forest_a"}
{"pos":[1427.58337,-205.450317,118.956444],"rotationMatrix":[-0.0674553514,0.997722149,-0,-0.997722149,-0.0674553514,0,-0,0,0.999999881],"scale":1.09780955,"type":"tree_beech_forest_a"}
{"pos":[1462.99756,-183.474609,126.75634],"rotationMatrix":[-0.999394953,0.0347785763,-0,-0.0347785763,-0.999394953,0,-0,0,0.999999881],"scale":1.17876363,"type":"tree_beech_forest_a"}
{"pos":[1473.08569,-212.272354,129.88559],"rotationMatrix":[0.942869246,0.333162904,0,-0.333162904,0.942869246,-0,-0,0,0.999999881],"scale":0.946541011,"type":"tree_beech_forest_a"}
{"pos":[1468.45264,-226.714447,128.687042],"rotationMatrix":[-0.569118738,-0.822255313,0,0.822255313,-0.569118738,0,-0,0,0.999999881],"scale":1.10828424,"type":"tree_beech_forest_a"}
{"pos":[1462.16821,-240.92984,127.476471],"rotationMatrix":[-0.249403298,0.968399584,-0,-0.968399584,-0.249403298,0,-0,0,0.999999881],"scale":1.16915441,"type":"tree_beech_forest_a"}
{"pos":[1469.77271,-237.548645,128.898529],"rotationMatrix":[0.940760672,0.339071184,0,-0.339071184,0.940760672,-0,-0,0,0.999999881],"scale":1.01646054,"type":"tree_beech_forest_a"}
{"pos":[1473.26331,-225.718109,129.475403],"rotationMatrix":[0.995727837,-0.092336148,0,0.092336148,0.995727837,0,-0,0,0.999999881],"scale":1.14191663,"type":"tree_beech_forest_a"}
