{"pos":[1390.45813,-295.490906,124.587624],"rotationMatrix":[-0.101013541,-0.994884908,0,0.994884908,-0.101013541,0,0,0,0.999999881],"scale":1.19515073,"type":"tree_beech_large_c"}
{"pos":[1439.75928,-290.989319,129.157043],"rotationMatrix":[-0.515668631,-0.856788039,0,0.856788039,-0.515668631,0,0,0,0.999999881],"scale":0.653134644,"type":"tree_beech_large_c"}
{"pos":[1438.59167,-296.555756,128.65564],"rotationMatrix":[0.373260289,0.927726686,0,-0.927726686,0.373260289,0,0,0,0.999999881],"scale":1.04723239,"type":"tree_beech_large_c"}
{"pos":[1437.13684,-104.328766,114.964806],"rotationMatrix":[0.00646031927,0.999979079,0,-0.999979079,0.00646031927,0,0,0,0.999999881],"scale":0.861791253,"type":"tree_beech_large_c"}
{"pos":[1456.57471,-143.904068,121.469955],"rotationMatrix":[0.778981447,0.627047002,0,-0.627047002,0.778981447,0,0,0,0.999999881],"scale":0.958904684,"type":"tree_beech_large_c"}
{"pos":[1450.24451,-150.868057,123.291939],"rotationMatrix":[-0.94010061,-0.340897053,0,0.340897053,-0.94010061,0,0,0,0.999999881],"scale":0.669305563,"type":"tree_beech_large_c"}
{"pos":[1445.7666,-164.586197,123.540848],"rotationMatrix":[-0.999127448,-0.0417634621,0,0.0417634621,-0.999127448,0,0,0,0.999999881],"scale":0.739036381,"type":"tree_beech_large_c"}
{"pos":[1427.75122,-153.548203,118.938789],"rotationMatrix":[-0.719283104,0.694716811,0,-0.694716811,-0.719283104,0,0,0,0.999999881],"scale":1.05481696,"type":"tree_beech_large_c"}
{"pos":[1402.21948,-152.482208,119.861298],"rotationMatrix":[0.25135684,-0.967894375,0,0.967894375,0.25135684,0,0,0,0.999999881],"scale":1.00183463,"type":"tree_beech_large_c"}
{"pos":[81.3302155,-289.019989,105.410782],"rotationMatrix":[0.38862434,-0.921396196,0,0.921396196,0.38862434,0,0,0,0.999999881],"scale":0.930808842,"type":"tree_beech_large_c"}
{"pos":[144.775528,-240.474625,106.764687],"rotationMatrix":[0.730906546,-0.682477415,0,0.682477415,0.730906546,0,0,0,0.999999881],"scale":0.775047779,"type":"tree_beech_large_c"}
{"pos":[-92.7554092,-375.842773,103.90519],"rotationMatrix":[-0.0722996071,-0.99738282,0,0.99738282,-0.0722996071,0,0,0,0.999999881],"scale":0.643386602,"type":"tree_beech_large_c"}
{"pos":[-108.179047,-377.266541,103.223045],"rotationMatrix":[-0.533011198,-0.846108019,0,0.846108019,-0.533011198,0,0,0,0.999999881],"scale":0.751522899,"type":"tree_beech_large_c"}
{"pos":[-175.794815,-372.434448,103.62059],"rotationMatrix":[-0.897380352,-0.441257656,0,0.441257656,-0.897380352,0,0,0,0.999999881],"scale":1.17955935,"type":"tree_beech_large_c"}
{"pos":[-222.845856,-342.170776,103.918259],"rotationMatrix":[-0.487817258,-0.872945726,0,0.872945726,-0.487817258,0,0,0,0.999999881],"scale":0.781933308,"type":"tree_beech_large_c"}
{"pos":[-224.761383,-353.046814,102.528252],"rotationMatrix":[-0.882192194,-0.47088936,0,0.47088936,-0.882192194,0,0,0,0.999999881],"scale":0.981475472,"type":"tree_beech_large_c"}
{"pos":[-221.173676,-317.433411,103.023186],"rotationMatrix":[0.459177434,-0.888344407,0,0.888344407,0.459177434,0,0,0,0.999999881],"scale":1.16362023,"type":"tree_beech_large_c"}
{"pos":[-93.611618,-375.074738,103.890915],"rotationMatrix":[-0.999746084,-0.0225304663,0,0.0225304663,-0.999746084,0,0,0,0.999999881],"scale":1.13778806,"type":"tree_beech_large_c"}
{"pos":[-112.327873,-374.409943,103.873474],"rotationMatrix":[-0.422205657,0.906499922,0,-0.906499922,-0.422205657,0,0,0,0.999999881],"scale":0.951395154,"type":"tree_beech_large_c"}
{"pos":[-186.65593,-367.43512,103.718781],"rotationMatrix":[-0.903226197,-0.429164797,0,0.429164797,-0.903226197,0,0,0,0.999999881],"scale":0.777444422,"type":"tree_beech_large_c"}
{"pos":[-236.83783,-78.1537476,103.662163],"rotationMatrix":[0.920054853,0.391789466,0,-0.391789466,0.920054853,-0,-0,0,0.999999881],"scale":0.841597259,"type":"tree_beech_large_c"}
{"pos":[-268.25824,-153.695801,103.965477],"rotationMatrix":[0.879511535,0.475877494,0,-0.475877494,0.879511535,-0,-0,0,0.999999881],"scale":0.757657468,"type":"tree_beech_large_c"}
{"pos":[-198.130798,-242.545227,103.395988],"rotationMatrix":[0.254793853,-0.966995299,0,0.966995299,0.254793853,0,-0,0,0.999999881],"scale":0.628385186,"type":"tree_beech_large_c"}
{"pos":[-201.513535,-227.577637,101.918686],"rotationMatrix":[-0.436276883,-0.899812341,0,0.899812341,-0.436276883,0,-0,0,0.999999881],"scale":1.18086529,"type":"tree_beech_large_c"}
{"pos":[-197.402115,-154.961502,103.833824],"rotationMatrix":[0.503999472,0.863703966,0,-0.863703966,0.503999472,-0,-0,0,0.999999881],"scale":0.756278038,"type":"tree_beech_large_c"}
{"pos":[-300.620117,-139.342957,113.539192],"rotationMatrix":[0.57993263,-0.814664304,0,0.814664304,0.57993263,0,-0,0,0.999999881],"scale":0.859345317,"type":"tree_beech_large_c"}
{"pos":[-300.601837,-113.2248,114.077957],"rotationMatrix":[0.964766085,0.263108909,0,-0.263108909,0.964766085,-0,-0,0,0.999999881],"scale":0.957987964,"type":"tree_beech_large_c"}
{"pos":[-281.294373,-92.8938217,105.544174],"rotationMatrix":[-0.971719205,0.236138746,-0,-0.236138746,-0.971719205,0,-0,0,0.999999881],"scale":0.789364994,"type":"tree_beech_large_c"}
{"pos":[-279.053253,-101.484726,105.885414],"rotationMatrix":[0.319226921,-0.947678208,0,0.947678208,0.319226921,0,-0,0,0.999999881],"scale":0.745736361,"type":"tree_beech_large_c"}
{"pos":[-290.437042,-87.0503006,105.978508],"rotationMatrix":[-0.307758451,-0.951464474,0,0.951464474,-0.307758451,0,-0,0,0.999999881],"scale":0.719244242,"type":"tree_beech_large_c"}
{"pos":[-290.606689,-75.9327393,105.327385],"rotationMatrix":[0.926664412,0.375889689,0,-0.375889689,0.926664412,-0,-0,0,0.999999881],"scale":0.863770723,"type":"tree_beech_large_c"}
{"pos":[-334.923248,18.798645,104.984283],"rotationMatrix":[-0.68010819,0.73311162,-0,-0.73311162,-0.68010819,0,-0,0,0.999999881],"scale":1.11994255,"type":"tree_beech_large_c"}
{"pos":[-335.702118,31.205637,104.567047],"rotationMatrix":[-0.979548156,0.201209426,-0,-0.201209426,-0.979548156,0,-0,0,0.999999881],"scale":1.01731598,"type":"tree_beech_large_c"}
{"pos":[-355.122162,26.788414,111.369209],"rotationMatrix":[0.826063812,-0.5635764,0,0.5635764,0.826063812,0,-0,0,0.999999881],"scale":0.883587778,"type":"tree_beech_large_c"}
{"pos":[-260.804321,16.8683338,101.501366],"rotationMatrix":[0.63846308,0.769652426,0,-0.769652426,0.63846308,-0,-0,0,0.999999881],"scale":1.14929736,"type":"tree_beech_large_c"}
{"pos":[-292.73645,51.572937,101.883041],"rotationMatrix":[0.652020097,0.758201659,0,-0.758201659,0.652020097,-0,-0,0,0.999999881],"scale":0.92474401,"type":"tree_beech_large_c"}
{"pos":[-302.287689,57.5964699,103.410645],"rotationMatrix":[-0.934297264,-0.356494606,0,0.356494606,-0.934297264,0,-0,0,0.999999881],"scale":0.844441652,"type":"tree_beech_large_c"}
{"pos":[-370.561127,64.8560791,112.09185],"rotationMatrix":[0.977484167,0.211008638,0,-0.211008638,0.977484167,-0,-0,0,0.999999881],"scale":0.977291107,"type":"tree_beech_large_c"}
{"pos":[-392.476593,81.4981995,117.84903],"rotationMatrix":[-0.668827474,-0.743417442,0,0.743417442,-0.668827474,0,-0,0,0.999999881],"scale":1.17015684,"type":"tree_beech_large_c"}
{"pos":[-374.256073,60.7410736,114.833313],"rotationMatrix":[0.940472901,0.339868665,0,-0.339868665,0.940472901,-0,-0,0,0.999999881],"scale":0.929564536,"type":"tree_beech_large_c"}
{"pos":[-371.959381,86.3592072,105.979141],"rotationMatrix":[0.933384001,0.35887903,0,-0.35887903,0.933384001,-0,-0,0,0.999999881],"scale":0.877372146,"type":"tree_beech_large_c"}
{"pos":[-365.947449,77.2700424,106.750893],"rotationMatrix":[0.540596604,0.84128195,0,-0.84128195,0.540596604,-0,-0,0,0.999999881],"scale":1.06480908,"type":"tree_beech_large_c"}
{"pos":[-372.855103,89.0453262,106.504601],"rotationMatrix":[0.797464192,-0.603366017,0,0.603366017,0.797464192,0,-0,0,0.999999881],"scale":0.833942413,"type":"tree_beech_large_c"}
{"pos":[-372.953644,96.9712601,103.962463],"rotationMatrix":[-0.923885465,0.382668883,-0,-0.382668883,-0.923885465,0,-0,0,0.999999881],"scale":0.803973913,"type":"tree_beech_large_c"}
{"pos":[-408.560486,131.975845,111.737549],"rotationMatrix":[-0.998817146,0.0486206785,-0,-0.0486206785,-0.998817146,0,-0,0,0.999999881],"scale":1.13712692,"type":"tree_beech_large_c"}
{"pos":[-416.472778,169.939041,110.087021],"rotationMatrix":[0.401868731,-0.915697157,0,0.915697157,0.401868731,0,-0,0,0.999999881],"scale":0.679826498,"type":"tree_beech_large_c"}
{"pos":[-412.944244,162.720596,110.01561],"rotationMatrix":[0.999820173,-0.0189555697,0,0.0189555697,0.999820173,0,-0,0,0.999999881],"scale":0.704163194,"type":"tree_beech_large_c"}
{"pos":[-412.690857,168.472702,107.659836],"rotationMatrix":[-0.837447226,0.546517909,-0,-0.546517909,-0.837447226,0,-0,0,0.999999881],"scale":0.903229237,"type":"tree_beech_large_c"}
{"pos":[-442.139923,180.733002,121.613731],"rotationMatrix":[-0.351601541,0.936149657,-0,-0.936149657,-0.351601541,0,-0,0,0.999999881],"scale":0.609468937,"type":"tree_beech_large_c"}
{"pos":[-460.168365,197.331985,129.099792],"rotationMatrix":[-0.287017614,-0.9579252,0,0.9579252,-0.287017614,0,-0,0,0.999999881],"scale":0.992609024,"type":"tree_beech_large_c"}
{"pos":[-467.601715,213.83168,134.394745],"rotationMatrix":[-0.948899806,-0.315577149,0,0.315577149,-0.948899806,0,-0,0,0.999999881],"scale":0.666117907,"type":"tree_beech_large_c"}
{"pos":[-443.231537,152.034271,125.203552],"rotationMatrix":[-0.788562238,0.614954829,-0,-0.614954829,-0.788562238,0,-0,0,0.999999881],"scale":1.14013624,"type":"tree_beech_large_c"}
{"pos":[-444.275269,155.37944,124.835152],"rotationMatrix":[-0.201446444,0.9794994,-0,-0.9794994,-0.201446444,0,-0,0,0.999999881],"scale":0.655605257,"type":"tree_beech_large_c"}
{"pos":[-434.135986,169.094757,119.037025],"rotationMatrix":[0.99990195,0.0139959678,0,-0.0139959678,0.99990195,-0,-0,0,0.999999881],"scale":0.623899341,"type":"tree_beech_large_c"}
{"pos":[-434.379608,185.569534,115.134125],"rotationMatrix":[0.688648224,0.72509557,0,-0.72509557,0.688648224,-0,-0,0,0.999999881],"scale":0.614850819,"type":"tree_beech_large_c"}
{"pos":[-433.558838,183.374939,115.51519],"rotationMatrix":[-0.298361003,0.954452932,-0,-0.954452932,-0.298361003,0,-0,0,0.999999881],"scale":0.785543382,"type":"tree_beech_large_c"}
{"pos":[-438.017975,263.55838,110.218033],"rotationMatrix":[0.772738099,-0.634724855,0,0.634724855,0.772738099,0,-0,0,0.999999881],"scale":1.11541629,"type":"tree_beech_large_c"}
{"pos":[-439.379639,289.142822,110.648659],"rotationMatrix":[-0.119928516,-0.992782414,0,0.992782414,-0.119928516,0,-0,0,0.999999881],"scale":1.1688565,"type":"tree_beech_large_c"}
{"pos":[-456.510284,284.208069,119.607567],"rotationMatrix":[0.926357746,-0.376644522,0,0.376644522,0.926357746,0,-0,0,0.999999881],"scale":1.03834379,"type":"tree_beech_large_c"}
{"pos":[-472.809204,283.986267,128.608704],"rotationMatrix":[0.506578267,-0.862193823,0,0.862193823,0.506578267,0,-0,0,0.999999881],"scale":1.17693818,"type":"tree_beech_large_c"}
{"pos":[-449.909515,284.172668,115.645508],"rotationMatrix":[0.436694622,0.899609864,0,-0.899609864,0.436694622,-0,-0,0,0.999999881],"scale":0.93710649,"type":"tree_beech_large_c"}
{"pos":[-468.090118,299.745941,128.238098],"rotationMatrix":[0.325733304,-0.94546169,0,0.94546169,0.325733304,0,-0,0,0.999999881],"scale":0.701100409,"type":"tree_beech_large_c"}
{"pos":[-461.275574,326.356995,128.02623],"rotationMatrix":[0.0453746952,-0.998969913,0,0.998969913,0.0453746952,0,-0,0,0.999999881],"scale":0.715269804,"type":"tree_beech_large_c"}
{"pos":[-454.642761,341.685913,127.168152],"rotationMatrix":[-0.484819025,0.874614358,-0,-0.874614358,-0.484819025,0,-0,0,0.999999881],"scale":0.903768778,"type":"tree_beech_large_c"}
{"pos":[-454.148407,348.302887,125.597618],"rotationMatrix":[0.999633789,-0.0270561595,0,0.0270561595,0.999633789,0,-0,0,0.999999881],"scale":0.653260887,"type":"tree_beech_large_c"}
{"pos":[-460.27652,394.778198,123.04776],"rotationMatrix":[0.995818079,0.0913572833,0,-0.0913572833,0.995818079,-0,-0,0,0.999999881],"scale":1.15778661,"type":"tree_beech_large_c"}
{"pos":[-448.141632,372.125641,123.119431],"rotationMatrix":[0.999288619,0.0377106033,0,-0.0377106033,0.999288619,-0,-0,0,0.999999881],"scale":0.863690257,"type":"tree_beech_large_c"}
{"pos":[-431.294922,396.430176,110.709572],"rotationMatrix":[-0.649899721,0.76001972,-0,-0.76001972,-0.649899721,0,-0,0,0.999999881],"scale":0.955779195,"type":"tree_beech_large_c"}
{"pos":[-446.12384,406.098541,112.710228],"rotationMatrix":[-0.97609812,0.217330128,-0,-0.217330128,-0.97609812,0,-0,0,0.999999881],"scale":1.12171113,"type":"tree_beech_large_c"}
{"pos":[-444.674347,401.066925,113.222977],"rotationMatrix":[0.866872609,0.498529732,0,-0.498529732,0.866872609,-0,-0,0,0.999999881],"scale":1.09800303,"type":"tree_beech_large_c"}
{"pos":[-415.955017,451.543701,114.401917],"rotationMatrix":[-0.680205405,-0.733021557,0,0.733021557,-0.680205405,0,-0,0,0.999999881],"scale":0.615320086,"type":"tree_beech_large_c"}
{"pos":[-412.324432,455.086609,113.287476],"rotationMatrix":[-0.588184059,0.808726847,-0,-0.808726847,-0.588184059,0,-0,0,0.999999881],"scale":0.988663077,"type":"tree_beech_large_c"}
{"pos":[-416.256134,456.265411,115.148071],"rotationMatrix":[0.801417172,-0.59810555,0,0.59810555,0.801417172,0,-0,0,0.999999881],"scale":0.651154041,"type":"tree_beech_large_c"}
{"pos":[-432.144135,425.695923,115.344322],"rotationMatrix":[-0.00986115728,-0.999951303,0,0.999951303,-0.00986115728,0,-0,0,0.999999881],"scale":1.08321118,"type":"tree_beech_large_c"}
{"pos":[-413.830475,477.578369,119.226555],"rotationMatrix":[0.0895601735,-0.995981276,0,0.995981276,0.0895601735,0,-0,0,0.999999881],"scale":0.717253327,"type":"tree_beech_large_c"}
{"pos":[-197.401886,-125.410942,103.141251],"rotationMatrix":[-0.23388344,-0.972264588,0,0.972264588,-0.23388344,0,-0,0,0.999999881],"scale":1.00970018,"type":"tree_beech_large_c"}
{"pos":[-200.055054,-94.666893,102.036491],"rotationMatrix":[0.172450721,0.985018134,0,-0.985018134,0.172450721,-0,-0,0,0.999999881],"scale":0.997200012,"type":"tree_beech_large_c"}
{"pos":[-196.45195,-82.0600281,103.022789],"rotationMatrix":[-0.0438104682,0.99903971,-0,-0.99903971,-0.0438104682,0,-0,0,0.999999881],"scale":0.70142293,"type":"tree_beech_large_c"}
{"pos":[-194.646866,-82.0384521,102.648285],"rotationMatrix":[0.0100517077,-0.999949396,0,0.999949396,0.0100517077,0,-0,0,0.999999881],"scale":0.673284233,"type":"tree_beech_large_c"}
{"pos":[-258.565247,62.5876274,101.63308],"rotationMatrix":[-0.411376595,-0.911465466,0,0.911465466,-0.411376595,0,-0,0,0.999999881],"scale":1.05657423,"type":"tree_beech_large_c"}
{"pos":[-315.290405,124.625389,101.946793],"rotationMatrix":[0.0517155714,-0.998661757,0,0.998661757,0.0517155714,0,-0,0,0.999999881],"scale":0.932985902,"type":"tree_beech_large_c"}
{"pos":[-316.751953,125.601601,101.335426],"rotationMatrix":[-0.770687401,0.637213111,-0,-0.637213111,-0.770687401,0,-0,0,0.999999881],"scale":1.08311069,"type":"tree_beech_large_c"}
{"pos":[-330.30542,141.972504,102.276726],"rotationMatrix":[-0.705078185,0.709129333,-0,-0.709129333,-0.705078185,0,-0,0,0.999999881],"scale":0.851208985,"type":"tree_beech_large_c"}
{"pos":[-328.626831,139.262787,102.823616],"rotationMatrix":[0.0634621829,0.997984171,0,-0.997984171,0.0634621829,-0,-0,0,0.999999881],"scale":1.10047388,"type":"tree_beech_large_c"}
{"pos":[-353.630554,166.553986,102.810509],"rotationMatrix":[-0.513798296,-0.857910872,0,0.857910872,-0.513798296,0,-0,0,0.999999881],"scale":1.1088686,"type":"tree_beech_large_c"}
{"pos":[-219.202667,-259.981873,103.580528],"rotationMatrix":[-0.866657019,-0.498904288,0,0.498904288,-0.866657019,0,-0,0,0.999999881],"scale":0.931010425,"type":"tree_beech_large_c"}
{"pos":[-215.920349,-178.245544,103.424461],"rotationMatrix":[0.282850146,0.959164083,0,-0.959164083,0.282850146,-0,-0,0,0.999999881],"scale":0.697143495,"type":"tree_beech_large_c"}
{"pos":[-230.037354,-190.754868,102.845299],"rotationMatrix":[-0.88255161,0.47021547,-0,-0.47021547,-0.88255161,0,-0,0,0.999999881],"scale":0.825364232,"type":"tree_beech_large_c"}
{"pos":[-223.340729,-215.165512,103.00753],"rotationMatrix":[0.72065407,0.693294823,0,-0.693294823,0.72065407,-0,-0,0,0.999999881],"scale":0.643565178,"type":"tree_beech_large_c"}
{"pos":[-226.335815,-228.334976,103.37886],"rotationMatrix":[-0.259783596,0.965666711,-0,-0.965666711,-0.259783596,0,-0,0,0.999999881],"scale":0.9538939,"type":"tree_beech_large_c"}
{"pos":[-228.783722,-194.862503,103.402802],"rotationMatrix":[0.797719777,0.603028297,0,-0.603028297,0.797719777,-0,-0,0,0.999999881],"scale":1.10043848,"type":"tree_beech_large_c"}
{"pos":[-164.505661,-346.064362,103.961548],"rotationMatrix":[0.850867093,0.525380969,0,-0.525380969,0.850867093,-0,-0,0,0.999999881],"scale":0.726669192,"type":"tree_beech_large_c"}
{"pos":[-148.272598,-348.947723,103.96196],"rotationMatrix":[0.75680542,0.653640211,0,-0.653640211,0.75680542,-0,-0,0,0.999999881],"scale":0.850616455,"type":"tree_beech_large_c"}
{"pos":[-151.193481,-359.462708,103.86042],"rotationMatrix":[-0.186439186,0.9824664,-0,-0.9824664,-0.186439186,0,-0,0,0.999999881],"scale":1.14321029,"type":"tree_beech_large_c"}
{"pos":[-150.604462,-348.54776,103.574455],"rotationMatrix":[-0.960609734,-0.277900666,0,0.277900666,-0.960609734,0,-0,0,0.999999881],"scale":1.12661934,"type":"tree_beech_large_c"}
{"pos":[-89.7640305,-295.819305,103.240318],"rotationMatrix":[0.495123863,0.868822396,0,-0.868822396,0.495123863,-0,-0,0,0.999999881],"scale":0.882610083,"type":"tree_beech_large_c"}
{"pos":[-88.9856186,-311.562622,104.052162],"rotationMatrix":[0.820175231,0.572112381,0,-0.572112381,0.820175231,-0,-0,0,0.999999881],"scale":0.941503048,"type":"tree_beech_large_c"}
{"pos":[-102.62236,-295.476685,103.954903],"rotationMatrix":[-0.634647787,0.77280128,-0,-0.77280128,-0.634647787,0,-0,0,0.999999881],"scale":1.12764251,"type":"tree_beech_large_c"}
{"pos":[-98.5938187,-282.382751,104.689796],"rotationMatrix":[0.257261544,0.966341794,0,-0.966341794,0.257261544,-0,-0,0,0.999999881],"scale":0.638163567,"type":"tree_beech_large_c"}
{"pos":[-90.491951,-291.774902,103.424805],"rotationMatrix":[0.86238426,-0.506254017,0,0.506254017,0.86238426,0,-0,0,0.999999881],"scale":0.794330955,"type":"tree_beech_large_c"}
{"pos":[-101.152206,-265.22937,105.061783],"rotationMatrix":[0.927523077,-0.373765677,0,0.373765677,0.927523077,0,-0,0,0.999999881],"scale":0.730171442,"type":"tree_beech_large_c"}
{"pos":[-140.097885,-273.877411,102.795952],"rotationMatrix":[-0.64200455,0.766700566,-0,-0.766700566,-0.64200455,0,-0,0,0.999999881],"scale":0.840895057,"type":"tree_beech_large_c"}
{"pos":[-161.836029,-287.918549,103.008652],"rotationMatrix":[-0.425564855,-0.90492779,0,0.90492779,-0.425564855,0,-0,0,0.999999881],"scale":0.809400082,"type":"tree_beech_large_c"}
{"pos":[-160.773621,-287.244965,102.895668],"rotationMatrix":[0.520660758,-0.853763521,0,0.853763521,0.520660758,0,-0,0,0.999999881],"scale":0.863559306,"type":"tree_beech_large_c"}
{"pos":[-171.910553,-155.9599,102.921707],"rotationMatrix":[0.423938543,0.905690968,0,-0.905690968,0.423938543,-0,-0,0,0.999999881],"scale":1.11216331,"type":"tree_beech_large_c"}
{"pos":[-160.617004,-127.092659,104.962601],"rotationMatrix":[0.745134771,0.666913867,0,-0.666913867,0.745134771,-0,-0,0,0.999999881],"scale":0.613834977,"type":"tree_beech_large_c"}
{"pos":[1425.53809,-235.297379,122.274879],"rotationMatrix":[-0.771204889,0.636586845,-0,-0.636586845,-0.771204889,0,-0,0,0.999999881],"scale":0.671860158,"type":"tree_beech_large_c"}
{"pos":[1430.28418,-238.408844,122.271378],"rotationMatrix":[0.8469643,0.531649649,0,-0.531649649,0.8469643,-0,-0,0,0.999999881],"scale":0.612026274,"type":"tree_beech_large_c"}
{"pos":[1435.63989,-229.737259,122.193459],"rotationMatrix":[0.0845401138,0.996419966,0,-0.996419966,0.0845401138,-0,-0,0,0.999999881],"scale":0.712406635,"type":"tree_beech_large_c"}
{"pos":[1423.88306,-210.771317,120.976692],"rotationMatrix":[0.527433753,-0.849596083,0,0.849596083,0.527433753,0,-0,0,0.999999881],"scale":0.911430895,"type":"tree_beech_large_c"}
{"pos":[1461.38306,-216.443253,127.937309],"rotationMatrix":[-0.414734691,-0.90994221,0,0.90994221,-0.414734691,0,-0,0,0.999999881],"scale":0.780509889,"type":"tree_beech_large_c"}
{"pos":[1478.54932,-244.748718,129.220123],"rotationMatrix":[0.306787878,-0.951777816,0,0.951777816,0.306787878,0,-0,0,0.999999881],"scale":0.797619104,"type":"tree_beech_large_c"}
{"pos":[1467.9967,-214.504669,129.053574],"rotationMatrix":[0.998702884,0.050914973,0,-0.050914973,0.998702884,-0,-0,0,0.999999881],"scale":1.06588936,"type":"tree_beech_large_c"}
