{"pos":[1404.99133,-285.963654,127.564079],"rotationMatrix":[-0.922401845,0.386231542,0,-0.386231542,-0.922401845,0,0,0,0.999999881],"scale":0.905366302,"type":"tree_beech_small_c"}
{"pos":[1407.58887,-287.342163,127.955116],"rotationMatrix":[0.809281886,-0.587420285,0,0.587420285,0.809281886,0,0,0,0.999999881],"scale":0.864672005,"type":"tree_beech_small_c"}
{"pos":[1416.23083,-300.370483,127.94249],"rotationMatrix":[0.0603277646,0.998178542,0,-0.998178542,0.0603277646,0,0,0,0.999999881],"scale":0.89593184,"type":"tree_beech_small_c"}
{"pos":[1439.97278,-287.278381,128.928879],"rotationMatrix":[-0.269781828,0.962921381,0,-0.962921381,-0.269781828,0,0,0,0.999999881],"scale":1.15993226,"type":"tree_beech_small_c"}
{"pos":[1455.01514,-125.45401,117.447441],"rotationMatrix":[-0.778936088,-0.62710315,0,0.62710315,-0.778936088,0,0,0,0.999999881],"scale":0.967369676,"type":"tree_beech_small_c"}
{"pos":[1457.60449,-123.091766,116.452271],"rotationMatrix":[-0.00250419509,-0.999996781,0,0.999996781,-0.00250419509,0,0,0,0.999999881],"scale":0.931421757,"type":"tree_beech_small_c"}
{"pos":[1448.57117,-162.887283,124.555214],"rotationMatrix":[0.836100578,-0.548575938,0,0.548575938,0.836100578,0,0,0,0.999999881],"scale":1.17228067,"type":"tree_beech_small_c"}
{"pos":[1447.01099,-155.190231,123.579094],"rotationMatrix":[0.265949279,-0.963986933,0,0.963986933,0.265949279,0,0,0,0.999999881],"scale":1.15250897,"type":"tree_beech_small_c"}
{"pos":[1446.44385,-148.76738,121.717522],"rotationMatrix":[0.253469139,0.96734345,0,-0.96734345,0.253469139,0,0,0,0.999999881],"scale":0.838723481,"type":"tree_beech_small_c"}
{"pos":[1406.5188,-138.722748,117.811462],"rotationMatrix":[-0.346078962,0.938205302,0,-0.938205302,-0.346078962,0,0,0,0.999999881],"scale":1.08767474,"type":"tree_beech_small_c"}
{"pos":[1394.27246,-144.025269,120.86496],"rotationMatrix":[0.316685736,0.948530495,0,-0.948530495,0.316685736,0,0,0,0.999999881],"scale":0.890855074,"type":"tree_beech_small_c"}
{"pos":[96.3214035,-254.447403,107.287445],"rotationMatrix":[0.968353629,-0.24958168,0,0.24958168,0.968353629,0,0,0,0.999999881],"scale":0.81918931,"type":"tree_beech_small_c"}
{"pos":[192.385223,-221.958633,106.677376],"rotationMatrix":[-0.250880182,0.968017995,0,-0.968017995,-0.250880182,0,0,0,0.999999881],"scale":0.955982566,"type":"tree_beech_small_c"}
{"pos":[36.2053032,-298.815216,114.484398],"rotationMatrix":[0.298383147,-0.954446077,0,0.954446077,0.298383147,0,0,0,0.999999881],"scale":0.933924437,"type":"tree_beech_small_c"}
{"pos":[41.4753876,-352.25238,105.229958],"rotationMatrix":[0.758508682,-0.651662827,0,0.651662827,0.758508682,0,0,0,0.999999881],"scale":1.10171318,"type":"tree_beech_small_c"}
{"pos":[36.9432526,-347.421844,107.267319],"rotationMatrix":[0.995710254,-0.0925254151,0,0.0925254151,0.995710254,0,0,0,0.999999881],"scale":0.85281682,"type":"tree_beech_small_c"}
{"pos":[38.0544777,-343.757477,106.113525],"rotationMatrix":[-0.329159409,0.944274247,0,-0.944274247,-0.329159409,0,0,0,0.999999881],"scale":1.10819304,"type":"tree_beech_small_c"}
{"pos":[-1.60572267,-370.851135,105.487839],"rotationMatrix":[-0.952094257,0.305804431,0,-0.305804431,-0.952094257,0,0,0,0.999999881],"scale":0.901655436,"type":"tree_beech_small_c"}
{"pos":[-5.73953724,-369.648926,105.632599],"rotationMatrix":[-0.2085796,0.97800523,0,-0.97800523,-0.2085796,0,0,0,0.999999881],"scale":0.944885373,"type":"tree_beech_small_c"}
{"pos":[-9.95224094,-371.541351,104.947441],"rotationMatrix":[0.154259861,0.988030255,0,-0.988030255,0.154259861,0,0,0,0.999999881],"scale":0.937180817,"type":"tree_beech_small_c"}
{"pos":[-2.79170942,-368.019318,106.397583],"rotationMatrix":[0.817358196,0.576129854,0,-0.576129854,0.817358196,0,0,0,0.999999881],"scale":1.12332046,"type":"tree_beech_small_c"}
{"pos":[-63.8904724,-374.878052,103.803711],"rotationMatrix":[-0.959824085,0.280602247,0,-0.280602247,-0.959824085,0,0,0,0.999999881],"scale":1.12302494,"type":"tree_beech_small_c"}
{"pos":[-77.950325,-372.949066,103.9394],"rotationMatrix":[0.994710088,-0.102721274,0,0.102721274,0.994710088,0,0,0,0.999999881],"scale":1.13711607,"type":"tree_beech_small_c"}
{"pos":[-203.549606,-363.639191,103.929794],"rotationMatrix":[-0.995365798,0.0961604491,0,-0.0961604491,-0.995365798,0,0,0,0.999999881],"scale":0.905111432,"type":"tree_beech_small_c"}
{"pos":[-221.255051,-340.143951,103.778709],"rotationMatrix":[-0.991253972,0.131967545,0,-0.131967545,-0.991253972,0,0,0,0.999999881],"scale":1.03249407,"type":"tree_beech_small_c"}
{"pos":[-224.965195,-310.363068,103.289383],"rotationMatrix":[0.68949002,0.724295199,0,-0.724295199,0.68949002,0,0,0,0.999999881],"scale":0.963327765,"type":"tree_beech_small_c"}
{"pos":[-212.118774,-352.640259,104.108498],"rotationMatrix":[-0.319260091,-0.947667122,0,0.947667122,-0.319260091,0,0,0,0.999999881],"scale":0.808235347,"type":"tree_beech_small_c"}
{"pos":[-240.54921,-328.676056,103.92382],"rotationMatrix":[0.983837545,-0.179062769,0,0.179062769,0.983837545,0,0,0,0.999999881],"scale":1.0256505,"type":"tree_beech_small_c"}
{"pos":[-204.57692,-281.817902,103.354507],"rotationMatrix":[0.182283893,0.983245909,0,-0.983245909,0.182283893,0,0,0,0.999999881],"scale":1.0682075,"type":"tree_beech_small_c"}
{"pos":[-241.63826,-67.0432816,103.155602],"rotationMatrix":[0.943664968,-0.3309021,0,0.3309021,0.943664968,0,-0,0,0.999999881],"scale":1.01976359,"type":"tree_beech_small_c"}
{"pos":[-235.733566,-111.301025,102.678116],"rotationMatrix":[0.180542782,0.983567059,0,-0.983567059,0.180542782,-0,-0,0,0.999999881],"scale":1.00326502,"type":"tree_beech_small_c"}
{"pos":[-265.100586,-151.375519,104.560501],"rotationMatrix":[-0.918498814,-0.395423442,0,0.395423442,-0.918498814,0,-0,0,0.999999881],"scale":0.978458643,"type":"tree_beech_small_c"}
{"pos":[-240.324188,-96.900383,103.520065],"rotationMatrix":[-0.85335052,0.521337509,-0,-0.521337509,-0.85335052,0,-0,0,0.999999881],"scale":1.0285244,"type":"tree_beech_small_c"}
{"pos":[-201.619812,-243.916656,102.304436],"rotationMatrix":[-0.046474006,-0.998919368,0,0.998919368,-0.046474006,0,-0,0,0.999999881],"scale":0.843276441,"type":"tree_beech_small_c"}
{"pos":[-201.012115,-217.917389,101.705521],"rotationMatrix":[-0.458164454,0.888867319,-0,-0.888867319,-0.458164454,0,-0,0,0.999999881],"scale":0.977915883,"type":"tree_beech_small_c"}
{"pos":[-200.976334,-154.967117,103.384491],"rotationMatrix":[0.537134111,0.843496859,0,-0.843496859,0.537134111,-0,-0,0,0.999999881],"scale":0.801983833,"type":"tree_beech_small_c"}
{"pos":[-272.212708,-137.789795,108.672012],"rotationMatrix":[-0.16486074,-0.9863168,0,0.9863168,-0.16486074,0,-0,0,0.999999881],"scale":0.876577258,"type":"tree_beech_small_c"}
{"pos":[-300.234436,-125.579773,115.270653],"rotationMatrix":[0.478804111,-0.877921641,0,0.877921641,0.478804111,0,-0,0,0.999999881],"scale":0.837376177,"type":"tree_beech_small_c"}
{"pos":[-292.669861,-125.513054,114.847549],"rotationMatrix":[-0.711314619,0.702873528,-0,-0.702873528,-0.711314619,0,-0,0,0.999999881],"scale":1.01267576,"type":"tree_beech_small_c"}
{"pos":[-277.764465,-105.590958,106.157089],"rotationMatrix":[-0.99999994,8.87791248e-05,-0,-8.87791248e-05,-0.99999994,0,-0,0,0.999999881],"scale":1.13665533,"type":"tree_beech_small_c"}
{"pos":[-296.779785,-68.8343048,107.179993],"rotationMatrix":[-0.439650953,-0.898168623,0,0.898168623,-0.439650953,0,-0,0,0.999999881],"scale":0.837775946,"type":"tree_beech_small_c"}
{"pos":[-289.758789,-69.7987595,105.621315],"rotationMatrix":[0.994275272,0.10684827,0,-0.10684827,0.994275272,-0,-0,0,0.999999881],"scale":0.983027875,"type":"tree_beech_small_c"}
{"pos":[-319.060089,-8.6892252,110.352386],"rotationMatrix":[0.72549367,-0.688228607,0,0.688228607,0.72549367,0,-0,0,0.999999881],"scale":0.896895826,"type":"tree_beech_small_c"}
{"pos":[-348.441376,-3.20142269,110.527458],"rotationMatrix":[0.198138595,-0.980173945,0,0.980173945,0.198138595,0,-0,0,0.999999881],"scale":1.02494872,"type":"tree_beech_small_c"}
{"pos":[-363.79895,23.3056355,114.563339],"rotationMatrix":[-0.599103868,-0.80067116,0,0.80067116,-0.599103868,0,-0,0,0.999999881],"scale":0.890984178,"type":"tree_beech_small_c"}
{"pos":[-250.906158,-0.885193348,103.032547],"rotationMatrix":[0.464020342,0.885824561,0,-0.885824561,0.464020342,-0,-0,0,0.999999881],"scale":0.813887537,"type":"tree_beech_small_c"}
{"pos":[-250.283356,5.18678141,101.990402],"rotationMatrix":[0.984960139,-0.172781259,0,0.172781259,0.984960139,0,-0,0,0.999999881],"scale":1.15582275,"type":"tree_beech_small_c"}
{"pos":[-358.892059,57.5113297,109.17968],"rotationMatrix":[0.991164863,-0.132635117,0,0.132635117,0.991164863,0,-0,0,0.999999881],"scale":1.17456782,"type":"tree_beech_small_c"}
{"pos":[-380.463531,59.6612396,116.438194],"rotationMatrix":[0.351696938,-0.936113894,0,0.936113894,0.351696938,0,-0,0,0.999999881],"scale":1.02788877,"type":"tree_beech_small_c"}
{"pos":[-373.583496,69.1013565,112.857193],"rotationMatrix":[-0.954445004,0.298386514,-0,-0.298386514,-0.954445004,0,-0,0,0.999999881],"scale":1.01688945,"type":"tree_beech_small_c"}
{"pos":[-386.264832,87.8776093,114.169762],"rotationMatrix":[-0.944314897,-0.32904312,0,0.32904312,-0.944314897,0,-0,0,0.999999881],"scale":0.803100169,"type":"tree_beech_small_c"}
{"pos":[-393.083923,77.5905685,118.285172],"rotationMatrix":[-0.959882021,-0.280404121,0,0.280404121,-0.959882021,0,-0,0,0.999999881],"scale":0.881484628,"type":"tree_beech_small_c"}
{"pos":[-391.818237,113.033295,109.862984],"rotationMatrix":[0.903583288,0.428412348,0,-0.428412348,0.903583288,-0,-0,0,0.999999881],"scale":1.13691711,"type":"tree_beech_small_c"}
{"pos":[-437.282593,105.655113,133.942673],"rotationMatrix":[-0.61121583,-0.791463792,0,0.791463792,-0.61121583,0,-0,0,0.999999881],"scale":0.884072006,"type":"tree_beech_small_c"}
{"pos":[-432.000488,148.283768,123.177727],"rotationMatrix":[0.720593929,0.693357348,0,-0.693357348,0.720593929,-0,-0,0,0.999999881],"scale":1.07401717,"type":"tree_beech_small_c"}
{"pos":[-427.469086,144.430008,122.509972],"rotationMatrix":[-0.760919213,-0.648846447,0,0.648846447,-0.760919213,0,-0,0,0.999999881],"scale":1.00265813,"type":"tree_beech_small_c"}
{"pos":[-426.381226,147.567123,121.706177],"rotationMatrix":[-0.0448294431,-0.998994589,0,0.998994589,-0.0448294431,0,-0,0,0.999999881],"scale":0.840138793,"type":"tree_beech_small_c"}
{"pos":[-407.565826,149.333771,110.482674],"rotationMatrix":[-0.981929958,-0.189244211,0,0.189244211,-0.981929958,0,-0,0,0.999999881],"scale":1.05110145,"type":"tree_beech_small_c"}
{"pos":[-436.668793,185.477112,117.341415],"rotationMatrix":[-0.950739086,-0.309992105,0,0.309992105,-0.950739086,0,-0,0,0.999999881],"scale":0.812220871,"type":"tree_beech_small_c"}
{"pos":[-444.643005,195.284836,121.158539],"rotationMatrix":[-0.34769395,-0.937608063,0,0.937608063,-0.34769395,0,-0,0,0.999999881],"scale":0.994610071,"type":"tree_beech_small_c"}
{"pos":[-443.528625,153.694824,124.938591],"rotationMatrix":[-0.382433146,0.923983037,-0,-0.923983037,-0.382433146,0,-0,0,0.999999881],"scale":0.900084138,"type":"tree_beech_small_c"}
{"pos":[-463.311005,233.443527,130.162582],"rotationMatrix":[0.95122844,-0.308487147,0,0.308487147,0.95122844,0,-0,0,0.999999881],"scale":1.08788073,"type":"tree_beech_small_c"}
{"pos":[-454.655762,235.116928,123.767296],"rotationMatrix":[-0.202648073,-0.979251504,0,0.979251504,-0.202648073,0,-0,0,0.999999881],"scale":1.1066153,"type":"tree_beech_small_c"}
{"pos":[-453.901062,219.376175,124.899818],"rotationMatrix":[-0.968877196,-0.24754177,0,0.24754177,-0.968877196,0,-0,0,0.999999881],"scale":1.10964966,"type":"tree_beech_small_c"}
{"pos":[-422.084381,157.849945,117.00386],"rotationMatrix":[0.998419404,0.0562002622,0,-0.0562002622,0.998419404,-0,-0,0,0.999999881],"scale":0.997875333,"type":"tree_beech_small_c"}
{"pos":[-431.934326,159.674026,118.306122],"rotationMatrix":[-0.760887027,0.648884237,-0,-0.648884237,-0.760887027,0,-0,0,0.999999881],"scale":1.07355213,"type":"tree_beech_small_c"}
{"pos":[-448.752686,287.4935,116.081894],"rotationMatrix":[-0.167829081,-0.985816061,0,0.985816061,-0.167829081,0,-0,0,0.999999881],"scale":1.0753938,"type":"tree_beech_small_c"}
{"pos":[-431.645294,279.582031,109.078705],"rotationMatrix":[-0.947221935,-0.320578426,0,0.320578426,-0.947221935,0,-0,0,0.999999881],"scale":0.914171875,"type":"tree_beech_small_c"}
{"pos":[-443.893616,323.539612,116.535049],"rotationMatrix":[-0.995542228,0.0943154097,-0,-0.0943154097,-0.995542228,0,-0,0,0.999999881],"scale":1.15847981,"type":"tree_beech_small_c"}
{"pos":[-435.721344,303.664612,110.258461],"rotationMatrix":[-0.999292016,-0.0376192071,0,0.0376192071,-0.999292016,0,-0,0,0.999999881],"scale":0.898037553,"type":"tree_beech_small_c"}
{"pos":[-478.561676,275.914581,135.993851],"rotationMatrix":[-0.679412961,-0.733756125,0,0.733756125,-0.679412961,0,-0,0,0.999999881],"scale":1.12117791,"type":"tree_beech_small_c"}
{"pos":[-448.62381,310.90036,117.504349],"rotationMatrix":[0.0930255949,-0.995663643,0,0.995663643,0.0930255949,0,-0,0,0.999999881],"scale":1.10857916,"type":"tree_beech_small_c"}
{"pos":[-447.900604,335.922119,122.135925],"rotationMatrix":[-0.932033539,-0.362371743,0,0.362371743,-0.932033539,0,-0,0,0.999999881],"scale":1.13507998,"type":"tree_beech_small_c"}
{"pos":[-451.226196,323.533295,121.704483],"rotationMatrix":[0.962259829,0.272132367,0,-0.272132367,0.962259829,-0,-0,0,0.999999881],"scale":0.854723811,"type":"tree_beech_small_c"}
{"pos":[-433.925842,361.156799,115.593437],"rotationMatrix":[-0.998429298,0.056024611,-0,-0.056024611,-0.998429298,0,-0,0,0.999999881],"scale":1.18318152,"type":"tree_beech_small_c"}
{"pos":[-463.9487,365.968353,129.098221],"rotationMatrix":[0.404565394,-0.914508998,0,0.914508998,0.404565394,0,-0,0,0.999999881],"scale":0.906732559,"type":"tree_beech_small_c"}
{"pos":[-438.825897,386.678436,118.013145],"rotationMatrix":[0.378940821,-0.92542088,0,0.92542088,0.378940821,0,-0,0,0.999999881],"scale":1.14144528,"type":"tree_beech_small_c"}
{"pos":[-438.117493,338.492523,116.399269],"rotationMatrix":[-0.84408623,0.536207199,-0,-0.536207199,-0.84408623,0,-0,0,0.999999881],"scale":0.877836049,"type":"tree_beech_small_c"}
{"pos":[-427.941254,356.924866,111.842003],"rotationMatrix":[-0.973170161,-0.230086356,0,0.230086356,-0.973170161,0,-0,0,0.999999881],"scale":1.18509269,"type":"tree_beech_small_c"}
{"pos":[-444.12207,396.824829,115.850487],"rotationMatrix":[0.505085111,0.863069534,0,-0.863069534,0.505085111,-0,-0,0,0.999999881],"scale":0.923800826,"type":"tree_beech_small_c"}
{"pos":[-440.525421,408.29071,111.763969],"rotationMatrix":[-0.126374736,0.99198246,-0,-0.99198246,-0.126374736,0,-0,0,0.999999881],"scale":0.952515423,"type":"tree_beech_small_c"}
{"pos":[-446.196411,397.576782,116.22477],"rotationMatrix":[0.98618263,0.165661141,0,-0.165661141,0.98618263,-0,-0,0,0.999999881],"scale":0.863044322,"type":"tree_beech_small_c"}
{"pos":[-426.687897,432.921539,116.955002],"rotationMatrix":[-0.969410241,0.245445982,-0,-0.245445982,-0.969410241,0,-0,0,0.999999881],"scale":1.07276607,"type":"tree_beech_small_c"}
{"pos":[-406.489105,464.330109,112.625732],"rotationMatrix":[0.209328353,-0.977845371,0,0.977845371,0.209328353,0,-0,0,0.999999881],"scale":1.04601431,"type":"tree_beech_small_c"}
{"pos":[-403.615051,447.410248,108.996803],"rotationMatrix":[0.51226002,0.858830392,0,-0.858830392,0.51226002,-0,-0,0,0.999999881],"scale":0.813138068,"type":"tree_beech_small_c"}
{"pos":[-433.811676,434.418701,119.294655],"rotationMatrix":[0.418794274,0.908081174,0,-0.908081174,0.418794274,-0,-0,0,0.999999881],"scale":1.13660789,"type":"tree_beech_small_c"}
{"pos":[-450.259674,420.745697,117.895004],"rotationMatrix":[-0.746771038,0.665080965,-0,-0.665080965,-0.746771038,0,-0,0,0.999999881],"scale":0.938589811,"type":"tree_beech_small_c"}
{"pos":[-455.657104,394.345398,121.128105],"rotationMatrix":[0.792281926,0.610155165,0,-0.610155165,0.792281926,-0,-0,0,0.999999881],"scale":0.910735786,"type":"tree_beech_small_c"}
{"pos":[-415.537384,492.264069,121.448296],"rotationMatrix":[-0.998542309,0.0539720766,-0,-0.0539720766,-0.998542309,0,-0,0,0.999999881],"scale":0.865577519,"type":"tree_beech_small_c"}
{"pos":[-419.769135,496.250244,122.613701],"rotationMatrix":[0.0743738115,0.997230351,0,-0.997230351,0.0743738115,-0,-0,0,0.999999881],"scale":1.07422638,"type":"tree_beech_small_c"}
{"pos":[-411.150146,512.477173,118.450607],"rotationMatrix":[0.678416848,0.734677196,0,-0.734677196,0.678416848,-0,-0,0,0.999999881],"scale":0.967340887,"type":"tree_beech_small_c"}
{"pos":[-404.390228,523.427185,115.503372],"rotationMatrix":[0.743325114,-0.668930233,0,0.668930233,0.743325114,0,-0,0,0.999999881],"scale":1.06631517,"type":"tree_beech_small_c"}
{"pos":[-200.279205,-125.476059,102.676697],"rotationMatrix":[0.80253911,0.59659946,0,-0.59659946,0.80253911,-0,-0,0,0.999999881],"scale":1.05713892,"type":"tree_beech_small_c"}
{"pos":[-197.163879,-116.842445,102.907555],"rotationMatrix":[-0.169146046,0.985590875,-0,-0.985590875,-0.169146046,0,-0,0,0.999999881],"scale":1.19013405,"type":"tree_beech_small_c"}
{"pos":[-199.028992,-101.623672,102.320656],"rotationMatrix":[-0.856582046,-0.516010821,0,0.516010821,-0.856582046,0,-0,0,0.999999881],"scale":0.980307817,"type":"tree_beech_small_c"}
{"pos":[-208.211731,-36.5736694,102.413666],"rotationMatrix":[0.860833228,-0.508886993,0,0.508886993,0.860833228,0,-0,0,0.999999881],"scale":1.18282354,"type":"tree_beech_small_c"}
{"pos":[-265.746735,71.5908432,102.15686],"rotationMatrix":[0.577509999,-0.816383541,0,0.816383541,0.577509999,0,-0,0,0.999999881],"scale":0.842948318,"type":"tree_beech_small_c"}
{"pos":[-291.160278,99.0725098,102.077553],"rotationMatrix":[0.860693455,-0.509123445,0,0.509123445,0.860693455,0,-0,0,0.999999881],"scale":0.975903034,"type":"tree_beech_small_c"}
{"pos":[-326.461395,136.82135,102.567665],"rotationMatrix":[-0.155731648,-0.987799287,0,0.987799287,-0.155731648,0,-0,0,0.999999881],"scale":0.972833991,"type":"tree_beech_small_c"}
{"pos":[-338.593475,152.082443,102.857208],"rotationMatrix":[0.767085493,0.641544878,0,-0.641544878,0.767085493,-0,-0,0,0.999999881],"scale":0.806217909,"type":"tree_beech_small_c"}
{"pos":[-352.712433,162.486038,102.476379],"rotationMatrix":[0.129622802,-0.991563261,0,0.991563261,0.129622802,0,-0,0,0.999999881],"scale":1.12368953,"type":"tree_beech_small_c"}
{"pos":[-387.861145,216.388855,101.46682],"rotationMatrix":[0.0474514626,-0.998873472,0,0.998873472,0.0474514626,0,-0,0,0.999999881],"scale":1.17711997,"type":"tree_beech_small_c"}
{"pos":[-373.621124,371.203308,102.160744],"rotationMatrix":[0.997700989,-0.0677680895,0,0.0677680895,0.997700989,0,-0,0,0.999999881],"scale":0.928770959,"type":"tree_beech_small_c"}
{"pos":[-220.847122,-247.632538,103.497025],"rotationMatrix":[0.772564828,-0.634935856,0,0.634935856,0.772564828,0,-0,0,0.999999881],"scale":1.19067216,"type":"tree_beech_small_c"}
{"pos":[-209.333496,-224.339981,103.124062],"rotationMatrix":[-0.830885351,0.556443334,-0,-0.556443334,-0.830885351,0,-0,0,0.999999881],"scale":0.889901996,"type":"tree_beech_small_c"}
{"pos":[-225.929825,-226.305862,103.502167],"rotationMatrix":[0.211839244,-0.977304399,0,0.977304399,0.211839244,0,-0,0,0.999999881],"scale":1.01174676,"type":"tree_beech_small_c"}
{"pos":[-217.523972,-207.448853,103.467239],"rotationMatrix":[0.0909240842,0.995857775,0,-0.995857775,0.0909240842,-0,-0,0,0.999999881],"scale":0.941611648,"type":"tree_beech_small_c"}
{"pos":[-215.727798,-174.163254,103.225815],"rotationMatrix":[-0.99137634,0.13104555,-0,-0.13104555,-0.99137634,0,-0,0,0.999999881],"scale":1.01043022,"type":"tree_beech_small_c"}
{"pos":[-225.585724,-187.912766,103.296265],"rotationMatrix":[-0.653144181,0.757233322,-0,-0.757233322,-0.653144181,0,-0,0,0.999999881],"scale":1.06773484,"type":"tree_beech_small_c"}
{"pos":[-230.582092,-199.211639,103.348831],"rotationMatrix":[-0.190910712,0.981607318,-0,-0.981607318,-0.190910712,0,-0,0,0.999999881],"scale":1.06525671,"type":"tree_beech_small_c"}
{"pos":[-260.304321,-209.091309,103.340797],"rotationMatrix":[0.357554913,0.933892131,0,-0.933892131,0.357554913,-0,-0,0,0.999999881],"scale":1.18044627,"type":"tree_beech_small_c"}
{"pos":[-279.025818,-213.067322,102.667381],"rotationMatrix":[0.630015731,0.77658236,0,-0.77658236,0.630015731,-0,-0,0,0.999999881],"scale":1.11673975,"type":"tree_beech_small_c"}
{"pos":[-273.856537,-206.802521,102.688454],"rotationMatrix":[0.769650519,-0.638465166,0,0.638465166,0.769650519,0,-0,0,0.999999881],"scale":0.965518117,"type":"tree_beech_small_c"}
{"pos":[-155.247116,-353.143463,104.075493],"rotationMatrix":[-0.94512099,0.326720387,-0,-0.326720387,-0.94512099,0,-0,0,0.999999881],"scale":1.13840878,"type":"tree_beech_small_c"}
{"pos":[-160.604874,-350.025787,104.089005],"rotationMatrix":[-0.63641566,-0.771346152,0,0.771346152,-0.63641566,0,-0,0,0.999999881],"scale":1.02681196,"type":"tree_beech_small_c"}
{"pos":[-94.652092,-307.476807,103.741585],"rotationMatrix":[0.980644226,-0.195797727,0,0.195797727,0.980644226,0,-0,0,0.999999881],"scale":1.05896091,"type":"tree_beech_small_c"}
{"pos":[-93.9476395,-291.413452,103.462502],"rotationMatrix":[-0.850002229,0.526778996,-0,-0.526778996,-0.850002229,0,-0,0,0.999999881],"scale":1.08688414,"type":"tree_beech_small_c"}
{"pos":[-105.468048,-276.097412,104.424767],"rotationMatrix":[0.647526741,-0.762042582,0,0.762042582,0.647526741,0,-0,0,0.999999881],"scale":0.842930496,"type":"tree_beech_small_c"}
{"pos":[-99.528244,-275.722473,104.653587],"rotationMatrix":[0.999904513,0.0138143105,0,-0.0138143105,0.999904513,-0,-0,0,0.999999881],"scale":1.15654719,"type":"tree_beech_small_c"}
{"pos":[-93.6698227,-267.7724,105.035164],"rotationMatrix":[-0.527140677,-0.849777877,0,0.849777877,-0.527140677,0,-0,0,0.999999881],"scale":0.93426156,"type":"tree_beech_small_c"}
{"pos":[-110.632851,-280.402557,104.420532],"rotationMatrix":[0.183280542,-0.983060539,0,0.983060539,0.183280542,0,-0,0,0.999999881],"scale":0.987239361,"type":"tree_beech_small_c"}
{"pos":[-152.04451,-274.086487,103.174858],"rotationMatrix":[-0.150073126,-0.988674819,0,0.988674819,-0.150073126,0,-0,0,0.999999881],"scale":0.9366799,"type":"tree_beech_small_c"}
{"pos":[-160.666473,-295.370575,104.07872],"rotationMatrix":[0.999993682,0.0035160149,0,-0.0035160149,0.999993682,-0,-0,0,0.999999881],"scale":0.920000196,"type":"tree_beech_small_c"}
{"pos":[-185.624985,-285.985474,103.234238],"rotationMatrix":[0.195627421,0.98067826,0,-0.98067826,0.195627421,-0,-0,0,0.999999881],"scale":0.831246197,"type":"tree_beech_small_c"}
{"pos":[-186.085281,-283.770294,103.407333],"rotationMatrix":[-0.749055028,-0.662507772,0,0.662507772,-0.749055028,0,-0,0,0.999999881],"scale":1.14783895,"type":"tree_beech_small_c"}
{"pos":[-182.365723,-280.074768,103.907303],"rotationMatrix":[-0.560831726,0.827929556,-0,-0.827929556,-0.560831726,0,-0,0,0.999999881],"scale":0.851969242,"type":"tree_beech_small_c"}
{"pos":[-174.754898,-120.387344,104.701302],"rotationMatrix":[-0.776448667,0.630180418,-0,-0.630180418,-0.776448667,0,-0,0,0.999999881],"scale":1.15231919,"type":"tree_beech_small_c"}
{"pos":[-170.123795,-128.619324,104.332718],"rotationMatrix":[-0.48060751,-0.87693578,0,0.87693578,-0.48060751,0,-0,0,0.999999881],"scale":0.947604775,"type":"tree_beech_small_c"}
{"pos":[1414.47473,-229.0401,125.560135],"rotationMatrix":[-0.771587551,0.636123002,-0,-0.636123002,-0.771587551,0,-0,0,0.999999881],"scale":1.08406603,"type":"tree_beech_small_c"}
{"pos":[1420.22144,-222.47438,124.089142],"rotationMatrix":[0.585666597,-0.810551941,0,0.810551941,0.585666597,0,-0,0,0.999999881],"scale":0.84243983,"type":"tree_beech_small_c"}
{"pos":[1461.85901,-181.018204,126.738693],"rotationMatrix":[0.926249921,-0.376909584,0,0.376909584,0.926249921,0,-0,0,0.999999881],"scale":1.16236007,"type":"tree_beech_small_c"}
{"pos":[1465.46692,-212.840134,128.542938],"rotationMatrix":[-0.348774284,0.937206626,-0,-0.937206626,-0.348774284,0,-0,0,0.999999881],"scale":0.855734408,"type":"tree_beech_small_c"}
{"pos":[1471.63586,-240.097733,129.147781],"rotationMatrix":[0.999812245,0.0193725042,0,-0.0193725042,0.999812245,-0,-0,0,0.999999881],"scale":1.17023289,"type":"tree_beech_small_c"}
{"pos":[1474.85339,-245.844238,128.581863],"rotationMatrix":[-0.913753569,0.406268805,-0,-0.406268805,-0.913753569,0,-0,0,0.999999881],"scale":0.989967525,"type":"tree_beech_small_c"}
