{"pos":[1406.12256,-289.102631,126.63929],"rotationMatrix":[-0.732085884,-0.681212366,0,0.681212366,-0.732085884,0,0,0,0.999999881],"scale":0.892717481,"type":"tree_beech_overhang_a"}
{"pos":[1468.03479,-144.217804,123.427689],"rotationMatrix":[-0.856187403,-0.516665459,0,0.516665459,-0.856187403,0,0,0,0.999999881],"scale":1.11939228,"type":"tree_beech_overhang_a"}
{"pos":[1452.29578,-144.294693,121.405487],"rotationMatrix":[0.944649816,-0.328080088,0,0.328080088,0.944649816,0,0,0,0.999999881],"scale":1.11437845,"type":"tree_beech_overhang_a"}
{"pos":[1447.21814,-163.894211,123.390343],"rotationMatrix":[0.933687627,-0.358088225,0,0.358088225,0.933687627,0,0,0,0.999999881],"scale":1.08889246,"type":"tree_beech_overhang_a"}
{"pos":[1448.90369,-155.263458,123.031387],"rotationMatrix":[0.782476783,0.62267977,0,-0.62267977,0.782476783,0,0,0,0.999999881],"scale":1.00281382,"type":"tree_beech_overhang_a"}
{"pos":[1449.71387,-142.715744,120.368767],"rotationMatrix":[-0.734904587,-0.678170502,0,0.678170502,-0.734904587,0,0,0,0.999999881],"scale":0.975319326,"type":"tree_beech_overhang_a"}
{"pos":[1444.03101,-150.964935,121.233955],"rotationMatrix":[-0.566250741,-0.824232876,0,0.824232876,-0.566250741,0,0,0,0.999999881],"scale":0.894513965,"type":"tree_beech_overhang_a"}
{"pos":[54.8685875,-318.881439,108.281181],"rotationMatrix":[0.0655592084,-0.99784863,0,0.99784863,0.0655592084,0,0,0,0.999999881],"scale":0.950562894,"type":"tree_beech_overhang_a"}
{"pos":[70.7500305,-300.928528,105.361038],"rotationMatrix":[0.0226208288,0.999744058,0,-0.999744058,0.0226208288,0,0,0,0.999999881],"scale":0.859008849,"type":"tree_beech_overhang_a"}
{"pos":[60.2982101,-275.585266,106.213516],"rotationMatrix":[0.0343156941,0.999410987,0,-0.999410987,0.0343156941,0,0,0,0.999999881],"scale":1.02567732,"type":"tree_beech_overhang_a"}
{"pos":[103.241539,-254.917297,106.425697],"rotationMatrix":[-0.98055464,-0.19624579,0,0.19624579,-0.98055464,0,0,0,0.999999881],"scale":0.833807528,"type":"tree_beech_overhang_a"}
{"pos":[102.957054,-251.179794,107.099571],"rotationMatrix":[0.45230031,0.89186573,0,-0.89186573,0.45230031,0,0,0,0.999999881],"scale":0.886518002,"type":"tree_beech_overhang_a"}
{"pos":[120.484489,-246.075455,106.377594],"rotationMatrix":[-0.893943489,0.448179394,0,-0.448179394,-0.893943489,0,0,0,0.999999881],"scale":1.15605152,"type":"tree_beech_overhang_a"}
{"pos":[19.9291039,-361.604004,106.486221],"rotationMatrix":[0.956760287,-0.290877253,0,0.290877253,0.956760287,0,0,0,0.999999881],"scale":0.872462213,"type":"tree_beech_overhang_a"}
{"pos":[-105.972237,-377.760254,103.275803],"rotationMatrix":[-0.0641370937,0.997940958,0,-0.997940958,-0.0641370937,0,0,0,0.999999881],"scale":0.985522032,"type":"tree_beech_overhang_a"}
{"pos":[-125.711266,-378.198059,103.59465],"rotationMatrix":[0.440630227,-0.897688568,0,0.897688568,0.440630227,0,0,0,0.999999881],"scale":0.855078936,"type":"tree_beech_overhang_a"}
{"pos":[-196.147049,-366.746857,103.121834],"rotationMatrix":[0.454606324,0.890692532,0,-0.890692532,0.454606324,0,0,0,0.999999881],"scale":1.01215911,"type":"tree_beech_overhang_a"}
{"pos":[-202.353699,-361.862091,103.078156],"rotationMatrix":[0.715457678,0.698656082,0,-0.698656082,0.715457678,0,0,0,0.999999881],"scale":0.881246746,"type":"tree_beech_overhang_a"}
{"pos":[-209.872833,-359.636536,104.098434],"rotationMatrix":[0.746860385,0.664980888,0,-0.664980888,0.746860385,0,0,0,0.999999881],"scale":0.98944521,"type":"tree_beech_overhang_a"}
{"pos":[-222.205017,-330.646149,102.884041],"rotationMatrix":[0.00811966788,0.999966979,0,-0.999966979,0.00811966788,0,0,0,0.999999881],"scale":1.18438017,"type":"tree_beech_overhang_a"}
{"pos":[-88.6680832,-373.07605,102.867157],"rotationMatrix":[0.739567816,-0.673081875,0,0.673081875,0.739567816,0,0,0,0.999999881],"scale":1.15789187,"type":"tree_beech_overhang_a"}
{"pos":[-269.674377,-153.7995,103.632248],"rotationMatrix":[0.999928474,-0.0119515685,0,0.0119515685,0.999928474,0,-0,0,0.999999881],"scale":0.817310512,"type":"tree_beech_overhang_a"}
{"pos":[-247.611313,-152.971329,101.988319],"rotationMatrix":[0.769802868,-0.638281584,0,0.638281584,0.769802868,0,-0,0,0.999999881],"scale":0.933199167,"type":"tree_beech_overhang_a"}
{"pos":[-242.52951,-96.2105865,102.492432],"rotationMatrix":[-0.874393046,-0.485218197,0,0.485218197,-0.874393046,0,-0,0,0.999999881],"scale":0.842192471,"type":"tree_beech_overhang_a"}
{"pos":[-194.999893,-245.477905,103.882767],"rotationMatrix":[-0.603856087,-0.797093213,0,0.797093213,-0.603856087,0,-0,0,0.999999881],"scale":0.824422956,"type":"tree_beech_overhang_a"}
{"pos":[-199.930344,-167.182709,102.070091],"rotationMatrix":[0.964141726,0.265387654,0,-0.265387654,0.964141726,-0,-0,0,0.999999881],"scale":1.03346097,"type":"tree_beech_overhang_a"}
{"pos":[-196.391876,-154.106476,104.007515],"rotationMatrix":[0.641473293,-0.767145216,0,0.767145216,0.641473293,0,-0,0,0.999999881],"scale":0.976459742,"type":"tree_beech_overhang_a"}
{"pos":[-289.28949,-140.277618,112.587051],"rotationMatrix":[0.986541212,0.163512647,0,-0.163512647,0.986541212,-0,-0,0,0.999999881],"scale":0.94672817,"type":"tree_beech_overhang_a"}
{"pos":[-273.996765,-96.6515503,104.10495],"rotationMatrix":[-0.968383312,0.249466822,-0,-0.249466822,-0.968383312,0,-0,0,0.999999881],"scale":1.19365168,"type":"tree_beech_overhang_a"}
{"pos":[-284.132202,-84.4636078,105.72496],"rotationMatrix":[-0.35409829,0.935208023,-0,-0.935208023,-0.35409829,0,-0,0,0.999999881],"scale":0.998753071,"type":"tree_beech_overhang_a"}
{"pos":[-283.196045,-82.8728943,104.953644],"rotationMatrix":[0.682350278,0.731025398,0,-0.731025398,0.682350278,-0,-0,0,0.999999881],"scale":0.80486691,"type":"tree_beech_overhang_a"}
{"pos":[-305.173309,-62.091465,110.535309],"rotationMatrix":[0.808174908,-0.588942349,0,0.588942349,0.808174908,0,-0,0,0.999999881],"scale":0.859500408,"type":"tree_beech_overhang_a"}
{"pos":[-306.323334,-23.77738,107.60611],"rotationMatrix":[0.993101716,0.117255509,0,-0.117255509,0.993101716,-0,-0,0,0.999999881],"scale":1.16584897,"type":"tree_beech_overhang_a"}
{"pos":[-307.990387,-24.7519779,108.142044],"rotationMatrix":[-0.998549044,-0.0538485833,0,0.0538485833,-0.998549044,0,-0,0,0.999999881],"scale":1.19634199,"type":"tree_beech_overhang_a"}
{"pos":[-337.253662,16.670351,105.06694],"rotationMatrix":[-0.922876298,-0.385096312,0,0.385096312,-0.922876298,0,-0,0,0.999999881],"scale":1.13967633,"type":"tree_beech_overhang_a"}
{"pos":[-324.369995,7.85680914,106.711655],"rotationMatrix":[-0.0155560086,0.999878943,-0,-0.999878943,-0.0155560086,0,-0,0,0.999999881],"scale":0.969329774,"type":"tree_beech_overhang_a"}
{"pos":[-326.573639,1.31690645,109.819557],"rotationMatrix":[-0.478922278,0.877857149,-0,-0.877857149,-0.478922278,0,-0,0,0.999999881],"scale":1.03940618,"type":"tree_beech_overhang_a"}
{"pos":[-314.98941,9.90381241,103.677132],"rotationMatrix":[0.601388991,0.798956335,0,-0.798956335,0.601388991,-0,-0,0,0.999999881],"scale":1.04371655,"type":"tree_beech_overhang_a"}
{"pos":[-327.68399,-8.37281227,111.133217],"rotationMatrix":[0.549448073,-0.835527718,0,0.835527718,0.549448073,0,-0,0,0.999999881],"scale":0.937678814,"type":"tree_beech_overhang_a"}
{"pos":[-347.553741,5.25346947,106.205307],"rotationMatrix":[-0.781995296,-0.623284101,0,0.623284101,-0.781995296,0,-0,0,0.999999881],"scale":1.04513168,"type":"tree_beech_overhang_a"}
{"pos":[-233.497925,-32.9011269,101.111893],"rotationMatrix":[-0.977684796,0.210077062,-0,-0.210077062,-0.977684796,0,-0,0,0.999999881],"scale":1.162485,"type":"tree_beech_overhang_a"}
{"pos":[-241.706696,-11.2380552,102.574974],"rotationMatrix":[-0.0583915375,0.998293698,-0,-0.998293698,-0.0583915375,0,-0,0,0.999999881],"scale":0.929257572,"type":"tree_beech_overhang_a"}
{"pos":[-266.34082,17.6564426,103.035408],"rotationMatrix":[0.544433236,0.838804185,0,-0.838804185,0.544433236,-0,-0,0,0.999999881],"scale":1.12912488,"type":"tree_beech_overhang_a"}
{"pos":[-296.140961,49.6466675,103.090477],"rotationMatrix":[-0.446248651,-0.894908965,0,0.894908965,-0.446248651,0,-0,0,0.999999881],"scale":1.14291894,"type":"tree_beech_overhang_a"}
{"pos":[-337.640137,40.5445251,103.734268],"rotationMatrix":[-0.736006677,0.676974058,-0,-0.676974058,-0.736006677,0,-0,0,0.999999881],"scale":1.17376006,"type":"tree_beech_overhang_a"}
{"pos":[-358.956116,32.401638,113.736626],"rotationMatrix":[-0.763049603,0.646339595,-0,-0.646339595,-0.763049603,0,-0,0,0.999999881],"scale":0.896055043,"type":"tree_beech_overhang_a"}
{"pos":[-367.110596,56.0469208,111.927025],"rotationMatrix":[0.977786958,-0.209600881,0,0.209600881,0.977786958,0,-0,0,0.999999881],"scale":1.19544852,"type":"tree_beech_overhang_a"}
{"pos":[-355.010803,53.3132973,108.891624],"rotationMatrix":[0.628595114,-0.777732551,0,0.777732551,0.628595114,0,-0,0,0.999999881],"scale":0.815404236,"type":"tree_beech_overhang_a"}
{"pos":[-359.219269,72.7479858,103.728409],"rotationMatrix":[-0.994552433,-0.104236834,0,0.104236834,-0.994552433,0,-0,0,0.999999881],"scale":0.851001263,"type":"tree_beech_overhang_a"}
{"pos":[-405.540894,92.3931885,123.299751],"rotationMatrix":[-0.973069131,0.2305132,-0,-0.2305132,-0.973069131,0,-0,0,0.999999881],"scale":0.832552612,"type":"tree_beech_overhang_a"}
{"pos":[-380.109253,99.9770203,105.876251],"rotationMatrix":[-0.974982083,-0.222283125,0,0.222283125,-0.974982083,0,-0,0,0.999999881],"scale":1.07630491,"type":"tree_beech_overhang_a"}
{"pos":[-396.277405,106.52771,114.056679],"rotationMatrix":[-0.93139106,0.364020169,-0,-0.364020169,-0.93139106,0,-0,0,0.999999881],"scale":0.884430647,"type":"tree_beech_overhang_a"}
{"pos":[-377.993134,96.1381149,106.43306],"rotationMatrix":[0.699609935,0.714524984,0,-0.714524984,0.699609935,-0,-0,0,0.999999881],"scale":0.994406462,"type":"tree_beech_overhang_a"}
{"pos":[-408.79184,106.414551,122.766815],"rotationMatrix":[0.254018456,0.967199326,0,-0.967199326,0.254018456,-0,-0,0,0.999999881],"scale":0.83565563,"type":"tree_beech_overhang_a"}
{"pos":[-426.370392,113.630775,127.440742],"rotationMatrix":[-0.99969089,0.0248583835,-0,-0.0248583835,-0.99969089,0,-0,0,0.999999881],"scale":0.857719958,"type":"tree_beech_overhang_a"}
{"pos":[-423.122009,119.937172,124.169571],"rotationMatrix":[0.716866434,0.697210491,0,-0.697210491,0.716866434,-0,-0,0,0.999999881],"scale":1.16335142,"type":"tree_beech_overhang_a"}
{"pos":[-433.541351,143.716461,123.191475],"rotationMatrix":[0.0568728298,0.998381317,0,-0.998381317,0.0568728298,-0,-0,0,0.999999881],"scale":1.1416899,"type":"tree_beech_overhang_a"}
{"pos":[-411.849854,129.997467,113.893532],"rotationMatrix":[0.155124322,0.987894833,0,-0.987894833,0.155124322,-0,-0,0,0.999999881],"scale":0.81584543,"type":"tree_beech_overhang_a"}
{"pos":[-395.907898,127.243652,107.92482],"rotationMatrix":[-0.86314249,0.50496012,-0,-0.50496012,-0.86314249,0,-0,0,0.999999881],"scale":1.15002966,"type":"tree_beech_overhang_a"}
{"pos":[-402.615814,136.997147,106.517876],"rotationMatrix":[-0.319311142,-0.947649777,0,0.947649777,-0.319311142,0,-0,0,0.999999881],"scale":1.12836123,"type":"tree_beech_overhang_a"}
{"pos":[-417.082977,154.96933,114.575615],"rotationMatrix":[0.999686718,0.0250259154,0,-0.0250259154,0.999686718,-0,-0,0,0.999999881],"scale":0.944635093,"type":"tree_beech_overhang_a"}
{"pos":[-450.109253,181.198181,125.747032],"rotationMatrix":[-0.266940802,-0.963712811,0,0.963712811,-0.266940802,0,-0,0,0.999999881],"scale":1.10447729,"type":"tree_beech_overhang_a"}
{"pos":[-435.834473,162.012848,119.124359],"rotationMatrix":[-0.999472022,0.0324874781,-0,-0.0324874781,-0.999472022,0,-0,0,0.999999881],"scale":0.895213723,"type":"tree_beech_overhang_a"}
{"pos":[-456.385498,208.639725,125.293266],"rotationMatrix":[-0.890120208,-0.4557257,0,0.4557257,-0.890120208,0,-0,0,0.999999881],"scale":0.839340627,"type":"tree_beech_overhang_a"}
{"pos":[-457.522003,225.56189,125.402176],"rotationMatrix":[0.464468032,0.885589898,0,-0.885589898,0.464468032,-0,-0,0,0.999999881],"scale":0.855328262,"type":"tree_beech_overhang_a"}
{"pos":[-459.136353,246.240005,127.714226],"rotationMatrix":[0.901609004,0.432551861,0,-0.432551861,0.901609004,-0,-0,0,0.999999881],"scale":0.99704206,"type":"tree_beech_overhang_a"}
{"pos":[-442.772919,174.103149,123.599335],"rotationMatrix":[-0.661434948,0.750002325,-0,-0.750002325,-0.661434948,0,-0,0,0.999999881],"scale":1.05020857,"type":"tree_beech_overhang_a"}
{"pos":[-446.411713,176.069916,124.869225],"rotationMatrix":[0.165621519,0.986189365,0,-0.986189365,0.165621519,-0,-0,0,0.999999881],"scale":0.951372027,"type":"tree_beech_overhang_a"}
{"pos":[-427.320007,187.217331,111.376747],"rotationMatrix":[0.407066286,-0.913398504,0,0.913398504,0.407066286,0,-0,0,0.999999881],"scale":0.877664685,"type":"tree_beech_overhang_a"}
{"pos":[-439.622589,253.032333,110.775909],"rotationMatrix":[-0.842041552,-0.539412498,0,0.539412498,-0.842041552,0,-0,0,0.999999881],"scale":0.959138274,"type":"tree_beech_overhang_a"}
{"pos":[-445.085541,275.95285,114.314041],"rotationMatrix":[-0.993822157,-0.110983521,0,0.110983521,-0.993822157,0,-0,0,0.999999881],"scale":0.841630757,"type":"tree_beech_overhang_a"}
{"pos":[-453.100861,287.962769,117.120201],"rotationMatrix":[0.609256268,0.79297334,0,-0.79297334,0.609256268,-0,-0,0,0.999999881],"scale":0.807987392,"type":"tree_beech_overhang_a"}
{"pos":[-430.62616,321.338715,108.998802],"rotationMatrix":[-0.646841943,0.762623847,-0,-0.762623847,-0.646841943,0,-0,0,0.999999881],"scale":1.06927919,"type":"tree_beech_overhang_a"}
{"pos":[-434.663452,317.379303,110.629066],"rotationMatrix":[0.0256340131,-0.99967128,0,0.99967128,0.0256340131,0,-0,0,0.999999881],"scale":1.04444909,"type":"tree_beech_overhang_a"}
{"pos":[-454.905792,250.670074,121.881973],"rotationMatrix":[0.618875921,0.785488784,0,-0.785488784,0.618875921,-0,-0,0,0.999999881],"scale":0.953743219,"type":"tree_beech_overhang_a"}
{"pos":[-448.995667,279.503357,115.518478],"rotationMatrix":[0.995233715,-0.0975169912,0,0.0975169912,0.995233715,0,-0,0,0.999999881],"scale":1.07344258,"type":"tree_beech_overhang_a"}
{"pos":[-456.39447,308.449493,122.576706],"rotationMatrix":[-0.737245977,-0.675624251,0,0.675624251,-0.737245977,0,-0,0,0.999999881],"scale":1.00107002,"type":"tree_beech_overhang_a"}
{"pos":[-472.378662,323.045013,134.272278],"rotationMatrix":[-0.67187047,0.740668595,-0,-0.740668595,-0.67187047,0,-0,0,0.999999881],"scale":1.01624966,"type":"tree_beech_overhang_a"}
{"pos":[-461.298737,315.370605,126.947144],"rotationMatrix":[-0.278909981,-0.960317135,0,0.960317135,-0.278909981,0,-0,0,0.999999881],"scale":0.836400092,"type":"tree_beech_overhang_a"}
{"pos":[-437.072449,333.188507,113.564369],"rotationMatrix":[-0.447766691,0.894150317,-0,-0.894150317,-0.447766691,0,-0,0,0.999999881],"scale":0.892615914,"type":"tree_beech_overhang_a"}
{"pos":[-459.206879,348.883575,128.301025],"rotationMatrix":[-0.88789773,-0.460040718,0,0.460040718,-0.88789773,0,-0,0,0.999999881],"scale":0.900894225,"type":"tree_beech_overhang_a"}
{"pos":[-437.158966,359.586182,118.17775],"rotationMatrix":[-0.935552299,-0.353188276,0,0.353188276,-0.935552299,0,-0,0,0.999999881],"scale":1.02431273,"type":"tree_beech_overhang_a"}
{"pos":[-450.979095,366.06778,124.458351],"rotationMatrix":[0.413793862,-0.910370529,0,0.910370529,0.413793862,0,-0,0,0.999999881],"scale":0.817960024,"type":"tree_beech_overhang_a"}
{"pos":[-456.063721,367.874054,125.561867],"rotationMatrix":[-0.0187520385,-0.999824107,0,0.999824107,-0.0187520385,0,-0,0,0.999999881],"scale":1.1240958,"type":"tree_beech_overhang_a"}
{"pos":[-440.895599,377.113342,119.883476],"rotationMatrix":[-0.980106533,0.19847177,-0,-0.19847177,-0.980106533,0,-0,0,0.999999881],"scale":1.0393827,"type":"tree_beech_overhang_a"}
{"pos":[-455.974487,398.835297,118.997391],"rotationMatrix":[-0.530296862,0.847811878,-0,-0.847811878,-0.530296862,0,-0,0,0.999999881],"scale":0.908376098,"type":"tree_beech_overhang_a"}
{"pos":[-439.252777,398.042847,112.159538],"rotationMatrix":[0.994002879,0.10935311,0,-0.10935311,0.994002879,-0,-0,0,0.999999881],"scale":1.15134668,"type":"tree_beech_overhang_a"}
{"pos":[-431.659851,405.884583,109.649734],"rotationMatrix":[0.29440856,-0.955679536,0,0.955679536,0.29440856,0,-0,0,0.999999881],"scale":1.1388377,"type":"tree_beech_overhang_a"}
{"pos":[-446.424194,386.802917,119.293182],"rotationMatrix":[0.0286693927,-0.999588847,0,0.999588847,0.0286693927,0,-0,0,0.999999881],"scale":1.11174512,"type":"tree_beech_overhang_a"}
{"pos":[-407.873932,425.593323,107.706421],"rotationMatrix":[-0.422412306,-0.90640378,0,0.90640378,-0.422412306,0,-0,0,0.999999881],"scale":0.85787338,"type":"tree_beech_overhang_a"}
{"pos":[-417.573425,418.603485,111.529556],"rotationMatrix":[-0.899909496,0.436076492,-0,-0.436076492,-0.899909496,0,-0,0,0.999999881],"scale":0.879187047,"type":"tree_beech_overhang_a"}
{"pos":[-420.762573,397.860809,105.886665],"rotationMatrix":[-0.606205404,-0.795307934,0,0.795307934,-0.606205404,0,-0,0,0.999999881],"scale":1.10960579,"type":"tree_beech_overhang_a"}
{"pos":[-433.531036,375.99118,115.120651],"rotationMatrix":[0.884664297,0.466228545,0,-0.466228545,0.884664297,-0,-0,0,0.999999881],"scale":0.837418795,"type":"tree_beech_overhang_a"}
{"pos":[-431.01297,392.781738,112.277313],"rotationMatrix":[0.0744161084,-0.997227132,0,0.997227132,0.0744161084,0,-0,0,0.999999881],"scale":0.966988325,"type":"tree_beech_overhang_a"}
{"pos":[-468.20401,411.454803,125.176674],"rotationMatrix":[0.188201636,0.982130349,0,-0.982130349,0.188201636,-0,-0,0,0.999999881],"scale":1.03413188,"type":"tree_beech_overhang_a"}
{"pos":[-425.072845,501.977783,121.464561],"rotationMatrix":[0.99697262,-0.0777519569,0,0.0777519569,0.99697262,0,-0,0,0.999999881],"scale":0.802508414,"type":"tree_beech_overhang_a"}
{"pos":[-425.97113,493.038757,122.930321],"rotationMatrix":[0.0664656237,0.997788668,0,-0.997788668,0.0664656237,-0,-0,0,0.999999881],"scale":1.17349529,"type":"tree_beech_overhang_a"}
{"pos":[-429.162903,476.319122,123.921028],"rotationMatrix":[0.120071545,-0.992765188,0,0.992765188,0.120071545,0,-0,0,0.999999881],"scale":0.816848218,"type":"tree_beech_overhang_a"}
{"pos":[-434.024261,451.164001,122.931374],"rotationMatrix":[-0.15893513,0.987288892,-0,-0.987288892,-0.15893513,0,-0,0,0.999999881],"scale":1.13472819,"type":"tree_beech_overhang_a"}
{"pos":[-405.134918,539.539246,112.952843],"rotationMatrix":[0.603592157,0.797293246,0,-0.797293246,0.603592157,-0,-0,0,0.999999881],"scale":1.17530739,"type":"tree_beech_overhang_a"}
{"pos":[-406.077118,541.845825,112.679337],"rotationMatrix":[-0.906512439,0.422179103,-0,-0.422179103,-0.906512439,0,-0,0,0.999999881],"scale":0.97827661,"type":"tree_beech_overhang_a"}
{"pos":[-195.768326,-125.644951,102.53199],"rotationMatrix":[0.913847387,0.406057656,0,-0.406057656,0.913847387,-0,-0,0,0.999999881],"scale":0.854376853,"type":"tree_beech_overhang_a"}
{"pos":[-203.098709,-58.7616692,101.592072],"rotationMatrix":[-0.912193418,-0.409759641,0,0.409759641,-0.912193418,0,-0,0,0.999999881],"scale":0.875205159,"type":"tree_beech_overhang_a"}
{"pos":[-203.215469,-52.3443527,101.974083],"rotationMatrix":[-0.773790181,0.633441627,-0,-0.633441627,-0.773790181,0,-0,0,0.999999881],"scale":0.981206536,"type":"tree_beech_overhang_a"}
{"pos":[-217.404892,-2.30146718,102.110191],"rotationMatrix":[-0.173628703,0.984811068,-0,-0.984811068,-0.173628703,0,-0,0,0.999999881],"scale":1.18645906,"type":"tree_beech_overhang_a"}
{"pos":[-223.056931,8.71091652,100.507072],"rotationMatrix":[0.808774173,0.588119268,0,-0.588119268,0.808774173,-0,-0,0,0.999999881],"scale":1.08939779,"type":"tree_beech_overhang_a"}
{"pos":[-264.574982,69.3835602,102.028244],"rotationMatrix":[0.943202853,0.332217246,0,-0.332217246,0.943202853,-0,-0,0,0.999999881],"scale":0.922522902,"type":"tree_beech_overhang_a"}
{"pos":[-269.434174,74.6085281,101.705673],"rotationMatrix":[0.727577507,-0.686025381,0,0.686025381,0.727577507,0,-0,0,0.999999881],"scale":1.02457666,"type":"tree_beech_overhang_a"}
{"pos":[-315.259979,126.870079,102.152313],"rotationMatrix":[-0.999921441,0.0125257941,-0,-0.0125257941,-0.999921441,0,-0,0,0.999999881],"scale":0.880759656,"type":"tree_beech_overhang_a"}
{"pos":[-367.195404,180.757584,100.861687],"rotationMatrix":[-0.17285569,0.984947085,-0,-0.984947085,-0.17285569,0,-0,0,0.999999881],"scale":0.923393726,"type":"tree_beech_overhang_a"}
{"pos":[-368.475983,189.476822,103.109612],"rotationMatrix":[0.305214018,0.9522838,0,-0.9522838,0.305214018,-0,-0,0,0.999999881],"scale":0.963103056,"type":"tree_beech_overhang_a"}
{"pos":[-383.869476,215.54158,102.264175],"rotationMatrix":[0.819794178,0.572658241,0,-0.572658241,0.819794178,-0,-0,0,0.999999881],"scale":0.909795403,"type":"tree_beech_overhang_a"}
{"pos":[-388.172455,259.982788,102.483871],"rotationMatrix":[-0.809802771,-0.586702168,0,0.586702168,-0.809802771,0,-0,0,0.999999881],"scale":1.15707695,"type":"tree_beech_overhang_a"}
{"pos":[-381.840942,312.014923,103.405502],"rotationMatrix":[-0.676647246,-0.736307323,0,0.736307323,-0.676647246,0,-0,0,0.999999881],"scale":0.896295428,"type":"tree_beech_overhang_a"}
{"pos":[-380.319885,330.10611,102.267296],"rotationMatrix":[-0.0601153933,-0.998191297,0,0.998191297,-0.0601153933,0,-0,0,0.999999881],"scale":0.838972688,"type":"tree_beech_overhang_a"}
{"pos":[-377.525116,338.542877,102.972893],"rotationMatrix":[-0.71669662,0.697384834,-0,-0.697384834,-0.71669662,0,-0,0,0.999999881],"scale":0.975571036,"type":"tree_beech_overhang_a"}
{"pos":[-226.563324,-263.260895,103.344749],"rotationMatrix":[0.414377451,0.910105109,0,-0.910105109,0.414377451,-0,-0,0,0.999999881],"scale":0.914503217,"type":"tree_beech_overhang_a"}
{"pos":[-222.864899,-245.421432,103.125572],"rotationMatrix":[-0.41724056,0.908795953,-0,-0.908795953,-0.41724056,0,-0,0,0.999999881],"scale":0.927739501,"type":"tree_beech_overhang_a"}
{"pos":[-223.333588,-235.77034,103.363197],"rotationMatrix":[-0.0811730027,0.996699929,-0,-0.996699929,-0.0811730027,0,-0,0,0.999999881],"scale":0.964291453,"type":"tree_beech_overhang_a"}
{"pos":[-218.325684,-199.623718,103.346909],"rotationMatrix":[-0.657543302,-0.753416598,0,0.753416598,-0.657543302,0,-0,0,0.999999881],"scale":0.894106865,"type":"tree_beech_overhang_a"}
{"pos":[-235.554474,-199.051132,102.379448],"rotationMatrix":[0.999990225,0.0043952954,0,-0.0043952954,0.999990225,-0,-0,0,0.999999881],"scale":1.09448922,"type":"tree_beech_overhang_a"}
{"pos":[-260.706696,-213.742096,103.386574],"rotationMatrix":[-0.973389924,0.22915487,-0,-0.22915487,-0.973389924,0,-0,0,0.999999881],"scale":0.806547761,"type":"tree_beech_overhang_a"}
{"pos":[-222.800797,-247.116318,102.375504],"rotationMatrix":[-0.974971712,0.222328395,-0,-0.222328395,-0.974971712,0,-0,0,0.999999881],"scale":0.941865087,"type":"tree_beech_overhang_a"}
{"pos":[-167.33548,-349.216675,103.539742],"rotationMatrix":[-0.634792209,0.772682667,-0,-0.772682667,-0.634792209,0,-0,0,0.999999881],"scale":0.982528567,"type":"tree_beech_overhang_a"}
{"pos":[-183.498352,-347.130829,103.351418],"rotationMatrix":[-0.878801107,0.477187961,-0,-0.477187961,-0.878801107,0,-0,0,0.999999881],"scale":1.09783936,"type":"tree_beech_overhang_a"}
{"pos":[-149.96286,-353.379333,103.758202],"rotationMatrix":[0.842252254,0.539083481,0,-0.539083481,0.842252254,-0,-0,0,0.999999881],"scale":0.897441924,"type":"tree_beech_overhang_a"}
{"pos":[-122.686333,-348.084167,103.918983],"rotationMatrix":[0.993982136,0.109541275,0,-0.109541275,0.993982136,-0,-0,0,0.999999881],"scale":1.08181405,"type":"tree_beech_overhang_a"}
{"pos":[-119.41774,-350.128021,103.45507],"rotationMatrix":[0.99667269,-0.0815072954,0,0.0815072954,0.99667269,0,-0,0,0.999999881],"scale":1.05026293,"type":"tree_beech_overhang_a"}
{"pos":[-79.7646942,-306.462769,103.304504],"rotationMatrix":[-0.931546509,-0.363622278,0,0.363622278,-0.931546509,0,-0,0,0.999999881],"scale":1.0432682,"type":"tree_beech_overhang_a"}
{"pos":[-100.73082,-295.807312,103.875275],"rotationMatrix":[0.972545683,0.232711688,0,-0.232711688,0.972545683,-0,-0,0,0.999999881],"scale":0.86576277,"type":"tree_beech_overhang_a"}
{"pos":[-88.7463226,-265.455811,104.460632],"rotationMatrix":[-0.877575457,0.479438543,-0,-0.479438543,-0.877575457,0,-0,0,0.999999881],"scale":1.1187278,"type":"tree_beech_overhang_a"}
{"pos":[-155.726562,-283.603577,102.740227],"rotationMatrix":[0.948025286,0.318194777,0,-0.318194777,0.948025286,-0,-0,0,0.999999881],"scale":1.01480377,"type":"tree_beech_overhang_a"}
{"pos":[-176.116425,-304.209076,102.283913],"rotationMatrix":[-0.899842083,0.436215729,-0,-0.436215729,-0.899842083,0,-0,0,0.999999881],"scale":0.882511854,"type":"tree_beech_overhang_a"}
{"pos":[-178.697342,-299.03186,103.489937],"rotationMatrix":[0.405566156,-0.914065599,0,0.914065599,0.405566156,0,-0,0,0.999999881],"scale":0.877801597,"type":"tree_beech_overhang_a"}
{"pos":[-163.038925,-147.560196,103.903152],"rotationMatrix":[-0.915450692,0.402430117,-0,-0.402430117,-0.915450692,0,-0,0,0.999999881],"scale":1.00084829,"type":"tree_beech_overhang_a"}
{"pos":[-173.787292,-155.917099,103.395393],"rotationMatrix":[0.905626893,-0.424075216,0,0.424075216,0.905626893,0,-0,0,0.999999881],"scale":1.10040057,"type":"tree_beech_overhang_a"}
{"pos":[1430.95642,-242.595978,122.9412],"rotationMatrix":[0.867132246,0.49807784,0,-0.49807784,0.867132246,-0,-0,0,0.999999881],"scale":1.07928491,"type":"tree_beech_overhang_a"}
{"pos":[1419.80981,-215.469269,122.142586],"rotationMatrix":[-0.986217558,0.165453553,-0,-0.165453553,-0.986217558,0,-0,0,0.999999881],"scale":0.812062085,"type":"tree_beech_overhang_a"}
{"pos":[1460.08423,-193.308258,126.755211],"rotationMatrix":[-0.0891618878,-0.996017039,0,0.996017039,-0.0891618878,0,-0,0,0.999999881],"scale":1.11099315,"type":"tree_beech_overhang_a"}
{"pos":[1456.40674,-187.834854,125.55162],"rotationMatrix":[-0.6894207,0.724360943,-0,-0.724360943,-0.6894207,0,-0,0,0.999999881],"scale":1.1855346,"type":"tree_beech_overhang_a"}
{"pos":[1457.23926,-207.369217,126.737411],"rotationMatrix":[0.782805204,-0.62226671,0,0.62226671,0.782805204,0,-0,0,0.999999881],"scale":0.814480245,"type":"tree_beech_overhang_a"}
{"pos":[1459.83179,-215.559784,127.214333],"rotationMatrix":[0.274456412,0.961599529,0,-0.961599529,0.274456412,-0,-0,0,0.999999881],"scale":0.854753435,"type":"tree_beech_overhang_a"}
{"pos":[1475.17493,-242.212418,128.019897],"rotationMatrix":[-0.999746203,-0.0225249846,0,0.0225249846,-0.999746203,0,-0,0,0.999999881],"scale":1.08773029,"type":"tree_beech_overhang_a"}
{"pos":[1473.43079,-228.627808,129.969971],"rotationMatrix":[0.551795542,0.833979428,0,-0.833979428,0.551795542,-0,-0,0,0.999999881],"scale":0.832494736,"type":"tree_beech_overhang_a"}
