{"pos":[1412.11682,-295.816589,127.811539],"rotationMatrix":[0.737550914,0.675291538,0,-0.675291538,0.737550914,0,0,0,0.999999881],"scale":0.8646155,"type":"tree_beech_small_b"}
{"pos":[1432.00903,-302.859985,128.697021],"rotationMatrix":[0.963782191,0.266690314,0,-0.266690314,0.963782191,0,0,0,0.999999881],"scale":0.912316978,"type":"tree_beech_small_b"}
{"pos":[1437.6532,-290.260406,129.148193],"rotationMatrix":[-0.771121442,-0.636688054,0,0.636688054,-0.771121442,0,0,0,0.999999881],"scale":0.956681192,"type":"tree_beech_small_b"}
{"pos":[1449.38696,-152.913132,124.158379],"rotationMatrix":[0.788816333,0.614628971,0,-0.614628971,0.788816333,0,0,0,0.999999881],"scale":0.80493933,"type":"tree_beech_small_b"}
{"pos":[1445.66223,-145.189941,121.359802],"rotationMatrix":[-0.036672771,0.999327183,0,-0.999327183,-0.036672771,0,0,0,0.999999881],"scale":0.887508631,"type":"tree_beech_small_b"}
{"pos":[1435.69128,-142.837265,120.015823],"rotationMatrix":[0.878162324,-0.478362501,0,0.478362501,0.878162324,0,0,0,0.999999881],"scale":1.15449882,"type":"tree_beech_small_b"}
{"pos":[1427.64697,-143.612381,118.605171],"rotationMatrix":[0.725492358,-0.688230097,0,0.688230097,0.725492358,0,0,0,0.999999881],"scale":0.869761527,"type":"tree_beech_small_b"}
{"pos":[1401.0658,-140.096863,118.995712],"rotationMatrix":[-0.920408428,-0.390958041,0,0.390958041,-0.920408428,0,0,0,0.999999881],"scale":0.840535223,"type":"tree_beech_small_b"}
{"pos":[1397.00696,-138.297668,119.033096],"rotationMatrix":[-0.511031449,-0.85956198,0,0.85956198,-0.511031449,0,0,0,0.999999881],"scale":1.10853052,"type":"tree_beech_small_b"}
{"pos":[66.8979874,-290.757172,105.449387],"rotationMatrix":[0.123235069,0.99237746,0,-0.99237746,0.123235069,0,0,0,0.999999881],"scale":0.882298648,"type":"tree_beech_small_b"}
{"pos":[78.7461777,-264.543457,106.022118],"rotationMatrix":[0.780195713,0.625535488,0,-0.625535488,0.780195713,0,0,0,0.999999881],"scale":0.889577031,"type":"tree_beech_small_b"}
{"pos":[98.9852142,-252.70961,107.358398],"rotationMatrix":[-0.464683086,-0.885476947,0,0.885476947,-0.464683086,0,0,0,0.999999881],"scale":0.935637116,"type":"tree_beech_small_b"}
{"pos":[110.89357,-250.657944,106.732231],"rotationMatrix":[0.532161176,0.84664309,0,-0.84664309,0.532161176,0,0,0,0.999999881],"scale":0.846023023,"type":"tree_beech_small_b"}
{"pos":[158.531021,-230.251724,106.595474],"rotationMatrix":[0.849580109,-0.527459502,0,0.527459502,0.849580109,0,0,0,0.999999881],"scale":1.05296314,"type":"tree_beech_small_b"}
{"pos":[211.23262,-220.518158,106.522545],"rotationMatrix":[-0.991979301,0.126399368,0,-0.126399368,-0.991979301,0,0,0,0.999999881],"scale":0.920536578,"type":"tree_beech_small_b"}
{"pos":[27.8360996,-355.936829,107.546181],"rotationMatrix":[0.247429043,-0.968905866,0,0.968905866,0.247429043,0,0,0,0.999999881],"scale":1.13871229,"type":"tree_beech_small_b"}
{"pos":[7.508636,-364.020721,107.59523],"rotationMatrix":[-0.333553582,0.942731023,0,-0.942731023,-0.333553582,0,0,0,0.999999881],"scale":0.851313949,"type":"tree_beech_small_b"}
{"pos":[5.85160112,-366.427429,106.507874],"rotationMatrix":[-0.506584525,-0.862190247,0,0.862190247,-0.506584525,0,0,0,0.999999881],"scale":0.995315313,"type":"tree_beech_small_b"}
{"pos":[-68.8348083,-372.604614,104.600609],"rotationMatrix":[0.357746392,0.933818758,0,-0.933818758,0.357746392,0,0,0,0.999999881],"scale":1.06103885,"type":"tree_beech_small_b"}
{"pos":[-129.658707,-377.289612,103.753929],"rotationMatrix":[0.952364743,-0.304961056,0,0.304961056,0.952364743,0,0,0,0.999999881],"scale":1.17797625,"type":"tree_beech_small_b"}
{"pos":[-240.738571,-332.303009,103.332733],"rotationMatrix":[0.991819203,-0.127649784,0,0.127649784,0.991819203,0,0,0,0.999999881],"scale":0.946169496,"type":"tree_beech_small_b"}
{"pos":[-130.725525,-374.147461,103.964706],"rotationMatrix":[-0.770183384,0.63782239,0,-0.63782239,-0.770183384,0,0,0,0.999999881],"scale":0.951872945,"type":"tree_beech_small_b"}
{"pos":[-163.443939,-375.043976,104.045746],"rotationMatrix":[-0.999321222,0.0368355252,0,-0.0368355252,-0.999321222,0,0,0,0.999999881],"scale":0.832847536,"type":"tree_beech_small_b"}
{"pos":[-219.592911,-302.937195,103.220177],"rotationMatrix":[-0.232001886,-0.972715259,0,0.972715259,-0.232001886,0,0,0,0.999999881],"scale":0.918264568,"type":"tree_beech_small_b"}
{"pos":[-194.85582,-260.320374,103.908234],"rotationMatrix":[-0.989774883,0.142637461,0,-0.142637461,-0.989774883,0,0,0,0.999999881],"scale":0.848205984,"type":"tree_beech_small_b"}
{"pos":[-263.669342,-153.515549,103.367302],"rotationMatrix":[-0.650642335,0.759384036,-0,-0.759384036,-0.650642335,0,-0,0,0.999999881],"scale":1.06382918,"type":"tree_beech_small_b"}
{"pos":[-260.842987,-149.431763,104.607506],"rotationMatrix":[-0.0775830746,-0.996985734,0,0.996985734,-0.0775830746,0,-0,0,0.999999881],"scale":1.03919542,"type":"tree_beech_small_b"}
{"pos":[-244.52536,-109.926254,103.274406],"rotationMatrix":[-0.0454522707,-0.998966396,0,0.998966396,-0.0454522707,0,-0,0,0.999999881],"scale":1.13944066,"type":"tree_beech_small_b"}
{"pos":[-238.215561,-121.174171,102.744293],"rotationMatrix":[0.845768809,-0.533549309,0,0.533549309,0.845768809,0,-0,0,0.999999881],"scale":0.900920749,"type":"tree_beech_small_b"}
{"pos":[-241.392639,-91.3989868,103.451263],"rotationMatrix":[-0.0476540588,-0.998863816,0,0.998863816,-0.0476540588,0,-0,0,0.999999881],"scale":1.00144362,"type":"tree_beech_small_b"}
{"pos":[-195.437729,-237.564453,103.493103],"rotationMatrix":[0.99676007,0.0804306194,0,-0.0804306194,0.99676007,-0,-0,0,0.999999881],"scale":0.855241835,"type":"tree_beech_small_b"}
{"pos":[-193.206177,-227.158813,103.58371],"rotationMatrix":[0.0542633012,-0.998526573,0,0.998526573,0.0542633012,0,-0,0,0.999999881],"scale":1.0699476,"type":"tree_beech_small_b"}
{"pos":[-197.285004,-198.58432,102.618668],"rotationMatrix":[-0.992816627,0.119645424,-0,-0.119645424,-0.992816627,0,-0,0,0.999999881],"scale":1.17067182,"type":"tree_beech_small_b"}
{"pos":[-196.005127,-190.915405,103.493073],"rotationMatrix":[0.85301584,-0.521884739,0,0.521884739,0.85301584,0,-0,0,0.999999881],"scale":0.943846226,"type":"tree_beech_small_b"}
{"pos":[-295.7229,-117.716553,114.326805],"rotationMatrix":[0.671644986,0.740873098,0,-0.740873098,0.671644986,-0,-0,0,0.999999881],"scale":0.971395493,"type":"tree_beech_small_b"}
{"pos":[-271.215302,-95.9854813,103.907967],"rotationMatrix":[0.147710621,-0.98903054,0,0.98903054,0.147710621,0,-0,0,0.999999881],"scale":0.949210227,"type":"tree_beech_small_b"}
{"pos":[-311.307281,-24.1172371,109.805626],"rotationMatrix":[0.768402338,0.639967024,0,-0.639967024,0.768402338,-0,-0,0,0.999999881],"scale":1.19404352,"type":"tree_beech_small_b"}
{"pos":[-322.354828,-12.953536,112.547829],"rotationMatrix":[-0.690349281,-0.723476231,0,0.723476231,-0.690349281,0,-0,0,0.999999881],"scale":0.826639473,"type":"tree_beech_small_b"}
{"pos":[-326.684143,16.1144295,106.119408],"rotationMatrix":[0.334552109,-0.94237721,0,0.94237721,0.334552109,0,-0,0,0.999999881],"scale":0.876195908,"type":"tree_beech_small_b"}
{"pos":[-323.019348,29.5186214,103.62944],"rotationMatrix":[-0.469316959,-0.883029759,0,0.883029759,-0.469316959,0,-0,0,0.999999881],"scale":1.01926482,"type":"tree_beech_small_b"}
{"pos":[-313.864532,-1.41487646,105.22226],"rotationMatrix":[0.141280726,-0.989969552,0,0.989969552,0.141280726,0,-0,0,0.999999881],"scale":1.14477634,"type":"tree_beech_small_b"}
{"pos":[-328.594879,-5.21137905,112.136803],"rotationMatrix":[0.128990889,0.991645753,0,-0.991645753,0.128990889,-0,-0,0,0.999999881],"scale":0.917885303,"type":"tree_beech_small_b"}
{"pos":[-339.73941,-9.24093151,113.926208],"rotationMatrix":[0.994348824,-0.106161617,0,0.106161617,0.994348824,0,-0,0,0.999999881],"scale":1.18742728,"type":"tree_beech_small_b"}
{"pos":[-237.396011,-36.6941795,103.125549],"rotationMatrix":[0.497983903,0.867186308,0,-0.867186308,0.497983903,-0,-0,0,0.999999881],"scale":0.838827074,"type":"tree_beech_small_b"}
{"pos":[-282.916016,38.3412628,102.724236],"rotationMatrix":[0.651094079,0.758997023,0,-0.758997023,0.651094079,-0,-0,0,0.999999881],"scale":1.00201535,"type":"tree_beech_small_b"}
{"pos":[-287.504761,36.9667397,103.315842],"rotationMatrix":[0.758549571,-0.651615202,0,0.651615202,0.758549571,0,-0,0,0.999999881],"scale":0.920603633,"type":"tree_beech_small_b"}
{"pos":[-373.219727,49.0034866,116.325165],"rotationMatrix":[0.315990925,0.948762178,0,-0.948762178,0.315990925,-0,-0,0,0.999999881],"scale":1.02626967,"type":"tree_beech_small_b"}
{"pos":[-352.432434,54.6045418,107.393456],"rotationMatrix":[0.997173011,0.0751390308,0,-0.0751390308,0.997173011,-0,-0,0,0.999999881],"scale":0.959205508,"type":"tree_beech_small_b"}
{"pos":[-370.86969,68.0557404,111.898346],"rotationMatrix":[0.624217153,0.781250834,0,-0.781250834,0.624217153,-0,-0,0,0.999999881],"scale":1.18048728,"type":"tree_beech_small_b"}
{"pos":[-393.791199,95.8752289,117.829597],"rotationMatrix":[-0.949591696,0.313489318,-0,-0.313489318,-0.949591696,0,-0,0,0.999999881],"scale":0.891115248,"type":"tree_beech_small_b"}
{"pos":[-417.687988,118.872734,122.471382],"rotationMatrix":[-0.213131219,0.977023423,-0,-0.977023423,-0.213131219,0,-0,0,0.999999881],"scale":1.06567585,"type":"tree_beech_small_b"}
{"pos":[-416.43335,132.059189,116.950264],"rotationMatrix":[0.409165621,0.912460148,0,-0.912460148,0.409165621,-0,-0,0,0.999999881],"scale":0.881120384,"type":"tree_beech_small_b"}
{"pos":[-443.196808,119.319458,133.274277],"rotationMatrix":[0.981343567,-0.192261785,0,0.192261785,0.981343567,0,-0,0,0.999999881],"scale":0.904821634,"type":"tree_beech_small_b"}
{"pos":[-446.669739,152.403473,126.50528],"rotationMatrix":[0.994930565,-0.100563213,0,0.100563213,0.994930565,0,-0,0,0.999999881],"scale":0.806796253,"type":"tree_beech_small_b"}
{"pos":[-397.534363,127.984703,109.660728],"rotationMatrix":[-0.812297344,-0.583243549,0,0.583243549,-0.812297344,0,-0,0,0.999999881],"scale":1.04261518,"type":"tree_beech_small_b"}
{"pos":[-389.825226,104.653244,111.461174],"rotationMatrix":[0.845271647,0.534336686,0,-0.534336686,0.845271647,-0,-0,0,0.999999881],"scale":0.893599272,"type":"tree_beech_small_b"}
{"pos":[-397.326508,130.126022,108.086136],"rotationMatrix":[-0.971097529,0.238682657,-0,-0.238682657,-0.971097529,0,-0,0,0.999999881],"scale":1.10325408,"type":"tree_beech_small_b"}
{"pos":[-402.137024,140.588074,107.897186],"rotationMatrix":[-0.985763729,0.16813603,-0,-0.16813603,-0.985763729,0,-0,0,0.999999881],"scale":1.17508769,"type":"tree_beech_small_b"}
{"pos":[-423.735657,149.418716,119.897377],"rotationMatrix":[0.897921145,0.440156251,0,-0.440156251,0.897921145,-0,-0,0,0.999999881],"scale":1.06508327,"type":"tree_beech_small_b"}
{"pos":[-450.997742,218.299591,123.340294],"rotationMatrix":[-0.91865921,0.395050645,-0,-0.395050645,-0.91865921,0,-0,0,0.999999881],"scale":1.01317859,"type":"tree_beech_small_b"}
{"pos":[-461.451904,222.208145,129.732986],"rotationMatrix":[0.0257050395,-0.999669492,0,0.999669492,0.0257050395,0,-0,0,0.999999881],"scale":1.19760966,"type":"tree_beech_small_b"}
{"pos":[-463.587158,254.031799,128.004471],"rotationMatrix":[0.0357777327,0.999359667,0,-0.999359667,0.0357777327,-0,-0,0,0.999999881],"scale":1.12002409,"type":"tree_beech_small_b"}
{"pos":[-465.567596,232.943359,130.802582],"rotationMatrix":[0.646389723,0.763007402,0,-0.763007402,0.646389723,-0,-0,0,0.999999881],"scale":1.08949411,"type":"tree_beech_small_b"}
{"pos":[-432.383911,228.512238,108.15007],"rotationMatrix":[0.974382222,-0.224897981,0,0.224897981,0.974382222,0,-0,0,0.999999881],"scale":0.96889174,"type":"tree_beech_small_b"}
{"pos":[-438.307953,152.027786,123.235069],"rotationMatrix":[0.973484397,-0.228753015,0,0.228753015,0.973484397,0,-0,0,0.999999881],"scale":0.880145311,"type":"tree_beech_small_b"}
{"pos":[-444.535553,159.685699,124.965134],"rotationMatrix":[0.468311459,0.883563459,0,-0.883563459,0.468311459,-0,-0,0,0.999999881],"scale":1.12811768,"type":"tree_beech_small_b"}
{"pos":[-426.37616,178.287262,112.451218],"rotationMatrix":[-0.161488086,0.986874521,-0,-0.986874521,-0.161488086,0,-0,0,0.999999881],"scale":1.12474084,"type":"tree_beech_small_b"}
{"pos":[-422.618835,170.419891,112.171066],"rotationMatrix":[-0.996795416,-0.0799922347,0,0.0799922347,-0.996795416,0,-0,0,0.999999881],"scale":1.0030508,"type":"tree_beech_small_b"}
{"pos":[-424.012726,179.296112,111.778572],"rotationMatrix":[-0.965348899,0.260962218,-0,-0.260962218,-0.965348899,0,-0,0,0.999999881],"scale":1.04737949,"type":"tree_beech_small_b"}
{"pos":[-443.91861,166.927795,124.538208],"rotationMatrix":[-0.911721766,0.410808235,-0,-0.410808235,-0.911721766,0,-0,0,0.999999881],"scale":0.955624044,"type":"tree_beech_small_b"}
{"pos":[-442.123108,178.210007,121.818443],"rotationMatrix":[0.914553821,-0.404463887,0,0.404463887,0.914553821,0,-0,0,0.999999881],"scale":1.0320375,"type":"tree_beech_small_b"}
{"pos":[-438.159271,176.136719,120.502914],"rotationMatrix":[-0.426538497,-0.904469311,0,0.904469311,-0.426538497,0,-0,0,0.999999881],"scale":0.915670395,"type":"tree_beech_small_b"}
{"pos":[-443.584656,253.557373,114.998528],"rotationMatrix":[-0.673741937,0.738966465,-0,-0.738966465,-0.673741937,0,-0,0,0.999999881],"scale":0.841869712,"type":"tree_beech_small_b"}
{"pos":[-447.560242,285.07489,114.867699],"rotationMatrix":[0.792992175,0.60923183,0,-0.60923183,0.792992175,-0,-0,0,0.999999881],"scale":0.99125272,"type":"tree_beech_small_b"}
{"pos":[-450.153046,282.049377,117.089561],"rotationMatrix":[0.853861094,0.520500839,0,-0.520500839,0.853861094,-0,-0,0,0.999999881],"scale":0.848148704,"type":"tree_beech_small_b"}
{"pos":[-433.427582,299.052612,108.967598],"rotationMatrix":[0.822054744,0.569408476,0,-0.569408476,0.822054744,-0,-0,0,0.999999881],"scale":0.891156197,"type":"tree_beech_small_b"}
{"pos":[-464.38797,242.399384,130.877182],"rotationMatrix":[-0.958035648,0.286648989,-0,-0.286648989,-0.958035648,0,-0,0,0.999999881],"scale":0.986271739,"type":"tree_beech_small_b"}
{"pos":[-454.559906,276.510651,118.600487],"rotationMatrix":[0.642282248,-0.766468048,0,0.766468048,0.642282248,0,-0,0,0.999999881],"scale":0.816680014,"type":"tree_beech_small_b"}
{"pos":[-465.478851,307.765076,128.676712],"rotationMatrix":[-0.990878165,-0.13475959,0,0.13475959,-0.990878165,0,-0,0,0.999999881],"scale":1.19221663,"type":"tree_beech_small_b"}
{"pos":[-457.210052,332.156403,127.440025],"rotationMatrix":[-0.944228828,-0.329289854,0,0.329289854,-0.944228828,0,-0,0,0.999999881],"scale":0.820195198,"type":"tree_beech_small_b"}
{"pos":[-438.994751,344.428375,117.42804],"rotationMatrix":[0.763431549,-0.645888507,0,0.645888507,0.763431549,0,-0,0,0.999999881],"scale":0.959702134,"type":"tree_beech_small_b"}
{"pos":[-445.862823,328.747345,119.03933],"rotationMatrix":[0.718953013,0.695058644,0,-0.695058644,0.718953013,-0,-0,0,0.999999881],"scale":0.899355888,"type":"tree_beech_small_b"}
{"pos":[-446.135834,339.120789,121.763138],"rotationMatrix":[0.995816827,0.091371052,0,-0.091371052,0.995816827,-0,-0,0,0.999999881],"scale":1.0073446,"type":"tree_beech_small_b"}
{"pos":[-447.08075,347.769806,121.531654],"rotationMatrix":[0.785590351,-0.618746877,0,0.618746877,0.785590351,0,-0,0,0.999999881],"scale":1.18505311,"type":"tree_beech_small_b"}
{"pos":[-462.374176,388.099152,125.772888],"rotationMatrix":[0.575276256,0.817959189,0,-0.817959189,0.575276256,-0,-0,0,0.999999881],"scale":1.03062773,"type":"tree_beech_small_b"}
{"pos":[-444.238739,337.750244,119.815598],"rotationMatrix":[0.836137354,0.548520148,0,-0.548520148,0.836137354,-0,-0,0,0.999999881],"scale":1.03304529,"type":"tree_beech_small_b"}
{"pos":[-439.902649,417.118469,112.267273],"rotationMatrix":[-0.451355219,-0.892344236,0,0.892344236,-0.451355219,0,-0,0,0.999999881],"scale":1.15577424,"type":"tree_beech_small_b"}
{"pos":[-443.229645,413.110748,112.790443],"rotationMatrix":[0.22739774,-0.973801792,0,0.973801792,0.22739774,0,-0,0,0.999999881],"scale":1.14135063,"type":"tree_beech_small_b"}
{"pos":[-424.373352,445.952698,118.30896],"rotationMatrix":[-0.571648896,0.820498168,-0,-0.820498168,-0.571648896,0,-0,0,0.999999881],"scale":1.05558813,"type":"tree_beech_small_b"}
{"pos":[-429.725281,405.936432,108.950851],"rotationMatrix":[-0.930464804,0.366381079,-0,-0.366381079,-0.930464804,0,-0,0,0.999999881],"scale":1.18092465,"type":"tree_beech_small_b"}
{"pos":[-420.400391,449.028564,115.57933],"rotationMatrix":[-0.432710528,-0.901532888,0,0.901532888,-0.432710528,0,-0,0,0.999999881],"scale":1.18847072,"type":"tree_beech_small_b"}
{"pos":[-427.776367,465.310974,123.84626],"rotationMatrix":[0.69869554,0.715419114,0,-0.715419114,0.69869554,-0,-0,0,0.999999881],"scale":0.921044946,"type":"tree_beech_small_b"}
{"pos":[-459.375,403.87796,121.283577],"rotationMatrix":[-0.00662449887,-0.999977946,0,0.999977946,-0.00662449887,0,-0,0,0.999999881],"scale":1.04514003,"type":"tree_beech_small_b"}
{"pos":[-409.187347,495.245453,118.227882],"rotationMatrix":[0.421379328,-0.906884432,0,0.906884432,0.421379328,0,-0,0,0.999999881],"scale":0.94083631,"type":"tree_beech_small_b"}
{"pos":[-421.962097,477.263,123.365158],"rotationMatrix":[-0.254527241,0.967065513,-0,-0.967065513,-0.254527241,0,-0,0,0.999999881],"scale":0.848786175,"type":"tree_beech_small_b"}
{"pos":[-413.943542,543.365295,115.593239],"rotationMatrix":[-0.760290205,-0.649583399,0,0.649583399,-0.760290205,0,-0,0,0.999999881],"scale":0.815488636,"type":"tree_beech_small_b"}
{"pos":[-204.791992,-36.3984108,104.478157],"rotationMatrix":[-0.106721677,0.994288862,-0,-0.994288862,-0.106721677,0,-0,0,0.999999881],"scale":1.01317334,"type":"tree_beech_small_b"}
{"pos":[-312.44989,125.4142,102.612442],"rotationMatrix":[0.912300766,-0.409520566,0,0.409520566,0.912300766,0,-0,0,0.999999881],"scale":1.02679372,"type":"tree_beech_small_b"}
{"pos":[-392.302979,274.727203,101.594513],"rotationMatrix":[0.0592020601,0.998245955,0,-0.998245955,0.0592020601,-0,-0,0,0.999999881],"scale":0.819320142,"type":"tree_beech_small_b"}
{"pos":[-385.022583,322.601746,102.073738],"rotationMatrix":[0.942142129,0.335213602,0,-0.335213602,0.942142129,-0,-0,0,0.999999881],"scale":0.880957544,"type":"tree_beech_small_b"}
{"pos":[-365.642853,414.042511,101.468315],"rotationMatrix":[0.0415579081,0.999136031,0,-0.999136031,0.0415579081,-0,-0,0,0.999999881],"scale":1.03129888,"type":"tree_beech_small_b"}
{"pos":[-226.597137,-268.654999,103.32235],"rotationMatrix":[-0.879205167,0.47644338,-0,-0.47644338,-0.879205167,0,-0,0,0.999999881],"scale":1.11537743,"type":"tree_beech_small_b"}
{"pos":[-219.633301,-252.859207,103.077164],"rotationMatrix":[-0.443418086,-0.8963148,0,0.8963148,-0.443418086,0,-0,0,0.999999881],"scale":1.08756661,"type":"tree_beech_small_b"}
{"pos":[-212.411087,-200.768219,103.157608],"rotationMatrix":[0.128716633,0.991681397,0,-0.991681397,0.128716633,-0,-0,0,0.999999881],"scale":1.15194011,"type":"tree_beech_small_b"}
{"pos":[-214.128006,-178.484039,103.168633],"rotationMatrix":[0.207584396,-0.978217006,0,0.978217006,0.207584396,0,-0,0,0.999999881],"scale":0.866206586,"type":"tree_beech_small_b"}
{"pos":[-217.833298,-217.793747,103.086105],"rotationMatrix":[0.990895212,0.13463524,0,-0.13463524,0.990895212,-0,-0,0,0.999999881],"scale":0.998367071,"type":"tree_beech_small_b"}
{"pos":[-229.645676,-214.065536,102.918938],"rotationMatrix":[0.590101957,0.807328701,0,-0.807328701,0.590101957,-0,-0,0,0.999999881],"scale":0.829845965,"type":"tree_beech_small_b"}
{"pos":[-238.475296,-200.794891,103.021904],"rotationMatrix":[0.924273729,0.381730288,0,-0.381730288,0.924273729,-0,-0,0,0.999999881],"scale":1.19042909,"type":"tree_beech_small_b"}
{"pos":[-245.445358,-203.488846,103.450027],"rotationMatrix":[0.595105708,-0.80364728,0,0.80364728,0.595105708,0,-0,0,0.999999881],"scale":1.10913658,"type":"tree_beech_small_b"}
{"pos":[-254.257477,-198.947235,102.940971],"rotationMatrix":[-0.48626551,0.873810947,-0,-0.873810947,-0.48626551,0,-0,0,0.999999881],"scale":0.950056553,"type":"tree_beech_small_b"}
{"pos":[-261.044556,-218.968704,102.726624],"rotationMatrix":[0.800936043,0.598749876,0,-0.598749876,0.800936043,-0,-0,0,0.999999881],"scale":0.964608669,"type":"tree_beech_small_b"}
{"pos":[-273.71402,-217.592499,103.525177],"rotationMatrix":[-0.371180773,-0.928560555,0,0.928560555,-0.371180773,0,-0,0,0.999999881],"scale":1.10396874,"type":"tree_beech_small_b"}
{"pos":[-224.3564,-223.179504,103.391129],"rotationMatrix":[0.368311435,-0.929702342,0,0.929702342,0.368311435,0,-0,0,0.999999881],"scale":0.929834008,"type":"tree_beech_small_b"}
{"pos":[-173.435455,-336.052979,103.599236],"rotationMatrix":[-0.76477927,-0.644292176,0,0.644292176,-0.76477927,0,-0,0,0.999999881],"scale":1.09154403,"type":"tree_beech_small_b"}
{"pos":[-166.638977,-347.645508,103.674515],"rotationMatrix":[-0.744856894,-0.667224228,0,0.667224228,-0.744856894,0,-0,0,0.999999881],"scale":1.11481631,"type":"tree_beech_small_b"}
{"pos":[-157.326233,-350.375122,103.800499],"rotationMatrix":[0.948282003,-0.317428797,0,0.317428797,0.948282003,0,-0,0,0.999999881],"scale":1.0018357,"type":"tree_beech_small_b"}
{"pos":[-121.855698,-357.173798,104.017281],"rotationMatrix":[-0.860898614,-0.508776307,0,0.508776307,-0.860898614,0,-0,0,0.999999881],"scale":0.905984938,"type":"tree_beech_small_b"}
{"pos":[-111.992989,-357.561401,103.723854],"rotationMatrix":[0.901616871,0.432535529,0,-0.432535529,0.901616871,-0,-0,0,0.999999881],"scale":1.15517771,"type":"tree_beech_small_b"}
{"pos":[-71.4536743,-318.195129,103.86644],"rotationMatrix":[0.993925273,0.110056937,0,-0.110056937,0.993925273,-0,-0,0,0.999999881],"scale":1.06173551,"type":"tree_beech_small_b"}
{"pos":[-91.8706436,-290.311707,103.808296],"rotationMatrix":[-0.91604054,0.401085407,-0,-0.401085407,-0.91604054,0,-0,0,0.999999881],"scale":0.826474845,"type":"tree_beech_small_b"}
{"pos":[-108.093887,-288.98526,103.25248],"rotationMatrix":[0.0628302097,0.998024166,0,-0.998024166,0.0628302097,-0,-0,0,0.999999881],"scale":1.16181302,"type":"tree_beech_small_b"}
{"pos":[-104.508972,-270.41806,104.822937],"rotationMatrix":[0.159909412,-0.987131655,0,0.987131655,0.159909412,0,-0,0,0.999999881],"scale":0.924390614,"type":"tree_beech_small_b"}
{"pos":[-116.188774,-260.827057,105.216148],"rotationMatrix":[-0.996426761,0.0844602138,-0,-0.0844602138,-0.996426761,0,-0,0,0.999999881],"scale":0.990781426,"type":"tree_beech_small_b"}
{"pos":[-136.516922,-300.318115,103.555939],"rotationMatrix":[0.869355023,-0.494187802,0,0.494187802,0.869355023,0,-0,0,0.999999881],"scale":1.19335866,"type":"tree_beech_small_b"}
{"pos":[-139.285278,-296.54834,102.983986],"rotationMatrix":[0.320640117,0.947201073,0,-0.947201073,0.320640117,-0,-0,0,0.999999881],"scale":1.18459976,"type":"tree_beech_small_b"}
{"pos":[-171.056656,-287.69577,103.26178],"rotationMatrix":[0.645158827,-0.764048398,0,0.764048398,0.645158827,0,-0,0,0.999999881],"scale":1.06970906,"type":"tree_beech_small_b"}
{"pos":[-167.023926,-129.021408,104.895393],"rotationMatrix":[0.995123327,-0.0986371413,0,0.0986371413,0.995123327,0,-0,0,0.999999881],"scale":1.07660234,"type":"tree_beech_small_b"}
{"pos":[-173.263016,-129.397354,104.494644],"rotationMatrix":[-0.277735651,0.960657418,-0,-0.960657418,-0.277735651,0,-0,0,0.999999881],"scale":0.864484787,"type":"tree_beech_small_b"}
{"pos":[-163.545227,-154.753082,104.341049],"rotationMatrix":[-0.868382514,-0.495895058,0,0.495895058,-0.868382514,0,-0,0,0.999999881],"scale":0.899144709,"type":"tree_beech_small_b"}
{"pos":[-170.81218,-168.152588,103.335251],"rotationMatrix":[-0.928854406,0.370444983,-0,-0.370444983,-0.928854406,0,-0,0,0.999999881],"scale":1.11849463,"type":"tree_beech_small_b"}
{"pos":[-169.610687,-137.099976,104.336304],"rotationMatrix":[-0.123252027,-0.992375314,0,0.992375314,-0.123252027,0,-0,0,0.999999881],"scale":0.962736249,"type":"tree_beech_small_b"}
{"pos":[-162.788971,-141.046478,104.416016],"rotationMatrix":[0.0371014848,-0.999311388,0,0.999311388,0.0371014848,0,-0,0,0.999999881],"scale":1.19682252,"type":"tree_beech_small_b"}
{"pos":[1424.9613,-223.731476,122.610176],"rotationMatrix":[-0.607887089,-0.794023335,0,0.794023335,-0.607887089,0,-0,0,0.999999881],"scale":1.00391674,"type":"tree_beech_small_b"}
{"pos":[1440.10266,-235.737381,123.521332],"rotationMatrix":[0.556290507,-0.830987751,0,0.830987751,0.556290507,0,-0,0,0.999999881],"scale":1.00398564,"type":"tree_beech_small_b"}
{"pos":[1421.93408,-212.922302,122.289368],"rotationMatrix":[0.997566581,0.0697188005,0,-0.0697188005,0.997566581,-0,-0,0,0.999999881],"scale":0.821756542,"type":"tree_beech_small_b"}
{"pos":[1436.21265,-216.360703,121.94178],"rotationMatrix":[-0.0263525397,-0.999652624,0,0.999652624,-0.0263525397,0,-0,0,0.999999881],"scale":1.18959045,"type":"tree_beech_small_b"}
{"pos":[1465.6709,-203.809555,128.220047],"rotationMatrix":[0.395655781,-0.918398738,0,0.918398738,0.395655781,0,-0,0,0.999999881],"scale":1.12117636,"type":"tree_beech_small_b"}
{"pos":[1457.88965,-225.407166,127.663055],"rotationMatrix":[0.979670465,-0.200612992,0,0.200612992,0.979670465,0,-0,0,0.999999881],"scale":0.914615273,"type":"tree_beech_small_b"}
{"pos":[1456.81445,-222.780212,127.39843],"rotationMatrix":[-0.0927494317,0.995689332,-0,-0.995689332,-0.0927494317,0,-0,0,0.999999881],"scale":0.879770815,"type":"tree_beech_small_b"}
