{"pos":[1437.06982,-292.540924,129.292938],"rotationMatrix":[0.976691902,0.214646012,0,-0.214646012,0.976691902,0,0,0,0.999999881],"scale":0.64530915,"type":"tree_beech_large_b"}
{"pos":[1445.16614,-112.957626,114.272339],"rotationMatrix":[0.681984484,-0.731366396,0,0.731366396,0.681984484,0,0,0,0.999999881],"scale":0.910432339,"type":"tree_beech_large_b"}
{"pos":[1462.86267,-125.043106,117.556587],"rotationMatrix":[0.755204916,0.655488789,0,-0.655488789,0.755204916,0,0,0,0.999999881],"scale":0.992065549,"type":"tree_beech_large_b"}
{"pos":[1444.17078,-166.620483,123.742203],"rotationMatrix":[-0.959722459,0.280949593,0,-0.280949593,-0.959722459,0,0,0,0.999999881],"scale":0.848611057,"type":"tree_beech_large_b"}
{"pos":[1448.28723,-146.399689,121.435242],"rotationMatrix":[-0.822858214,-0.568246543,0,0.568246543,-0.822858214,0,0,0,0.999999881],"scale":0.608706713,"type":"tree_beech_large_b"}
{"pos":[1434.11243,-144.727142,119.119621],"rotationMatrix":[-0.125399321,0.992106259,0,-0.992106259,-0.125399321,0,0,0,0.999999881],"scale":0.780742705,"type":"tree_beech_large_b"}
{"pos":[1423.45667,-147.235031,117.183922],"rotationMatrix":[-0.151532963,0.988452137,0,-0.988452137,-0.151532963,0,0,0,0.999999881],"scale":0.87529707,"type":"tree_beech_large_b"}
{"pos":[79.4747162,-289.41687,105.609528],"rotationMatrix":[-0.27592209,0.961179912,0,-0.961179912,-0.27592209,0,0,0,0.999999881],"scale":0.840661347,"type":"tree_beech_large_b"}
{"pos":[61.2226257,-298.294373,105.392067],"rotationMatrix":[0.920481265,-0.39078638,0,0.39078638,0.920481265,0,0,0,0.999999881],"scale":1.02484012,"type":"tree_beech_large_b"}
{"pos":[54.0337448,-278.03421,108.085526],"rotationMatrix":[0.998480737,0.0551009513,0,-0.0551009513,0.998480737,0,0,0,0.999999881],"scale":0.679448605,"type":"tree_beech_large_b"}
{"pos":[140.721909,-235.771179,106.813606],"rotationMatrix":[-0.872408211,-0.488777965,0,0.488777965,-0.872408211,0,0,0,0.999999881],"scale":0.765799522,"type":"tree_beech_large_b"}
{"pos":[148.07579,-233.579803,106.505028],"rotationMatrix":[-0.103949621,-0.994582474,0,0.994582474,-0.103949621,0,0,0,0.999999881],"scale":0.989429176,"type":"tree_beech_large_b"}
{"pos":[187.28772,-227.608032,106.46241],"rotationMatrix":[-0.407303572,-0.913292706,0,0.913292706,-0.407303572,0,0,0,0.999999881],"scale":1.0362674,"type":"tree_beech_large_b"}
{"pos":[31.4289112,-348.85849,109.261276],"rotationMatrix":[0.639422655,0.768855393,0,-0.768855393,0.639422655,0,0,0,0.999999881],"scale":0.661155701,"type":"tree_beech_large_b"}
{"pos":[10.7843037,-362.852783,107.722275],"rotationMatrix":[-0.436919898,0.89950031,0,-0.89950031,-0.436919898,0,0,0,0.999999881],"scale":1.05092621,"type":"tree_beech_large_b"}
{"pos":[-55.1569633,-374.468262,104.651108],"rotationMatrix":[-0.706614375,0.707598567,0,-0.707598567,-0.706614375,0,0,0,0.999999881],"scale":0.725807428,"type":"tree_beech_large_b"}
{"pos":[-101.762474,-373.442078,103.693771],"rotationMatrix":[0.351661682,0.936127126,0,-0.936127126,0.351661682,0,0,0,0.999999881],"scale":0.608664095,"type":"tree_beech_large_b"}
{"pos":[-169.050049,-371.503815,103.19416],"rotationMatrix":[-0.962800324,0.270213425,0,-0.270213425,-0.962800324,0,0,0,0.999999881],"scale":1.05116487,"type":"tree_beech_large_b"}
{"pos":[-180.792847,-372.958527,103.194633],"rotationMatrix":[-0.459532529,-0.888160825,0,0.888160825,-0.459532529,0,0,0,0.999999881],"scale":0.722973228,"type":"tree_beech_large_b"}
{"pos":[-208.984711,-363.645599,103.184395],"rotationMatrix":[0.5417009,-0.840571165,0,0.840571165,0.5417009,0,0,0,0.999999881],"scale":0.959390163,"type":"tree_beech_large_b"}
{"pos":[-210.151764,-354.210114,104.103813],"rotationMatrix":[-0.615885258,0.787835658,0,-0.787835658,-0.615885258,0,0,0,0.999999881],"scale":0.827441573,"type":"tree_beech_large_b"}
{"pos":[-217.965607,-339.133362,103.546623],"rotationMatrix":[0.0902939066,-0.995915055,0,0.995915055,0.0902939066,0,0,0,0.999999881],"scale":0.721120715,"type":"tree_beech_large_b"}
{"pos":[-226.518951,-315.760773,103.14135],"rotationMatrix":[-0.129885122,0.991528928,0,-0.991528928,-0.129885122,0,0,0,0.999999881],"scale":0.656546831,"type":"tree_beech_large_b"}
{"pos":[-113.620483,-377.129089,103.462646],"rotationMatrix":[0.938161433,0.346197963,0,-0.346197963,0.938161433,0,0,0,0.999999881],"scale":0.74230504,"type":"tree_beech_large_b"}
{"pos":[-165.270355,-373.221039,104.052483],"rotationMatrix":[0.944817483,-0.327596843,0,0.327596843,0.944817483,0,0,0,0.999999881],"scale":0.871782303,"type":"tree_beech_large_b"}
{"pos":[-215.744812,-301.153687,102.526772],"rotationMatrix":[0.768969357,0.639285624,0,-0.639285624,0.768969357,0,0,0,0.999999881],"scale":1.0773344,"type":"tree_beech_large_b"}
{"pos":[-207.117294,-286.680084,103.253624],"rotationMatrix":[0.964965284,0.262377381,0,-0.262377381,0.964965284,0,0,0,0.999999881],"scale":0.943474531,"type":"tree_beech_large_b"}
{"pos":[-204.192261,-272.472076,101.736931],"rotationMatrix":[0.972239256,-0.233988628,0,0.233988628,0.972239256,0,0,0,0.999999881],"scale":0.940631509,"type":"tree_beech_large_b"}
{"pos":[-235.785263,-71.0567551,102.720787],"rotationMatrix":[0.970075428,-0.242803499,0,0.242803499,0.970075428,0,-0,0,0.999999881],"scale":0.818801284,"type":"tree_beech_large_b"}
{"pos":[-237.136322,-96.4461823,102.829124],"rotationMatrix":[-0.941002429,0.338399589,-0,-0.338399589,-0.941002429,0,-0,0,0.999999881],"scale":1.08203661,"type":"tree_beech_large_b"}
{"pos":[-242.400131,-112.1698,102.437965],"rotationMatrix":[-0.816030562,-0.578008533,0,0.578008533,-0.816030562,0,-0,0,0.999999881],"scale":0.888340831,"type":"tree_beech_large_b"}
{"pos":[-244.773926,-120.11647,102.729813],"rotationMatrix":[-0.982746422,-0.184957266,0,0.184957266,-0.982746422,0,-0,0,0.999999881],"scale":1.05970848,"type":"tree_beech_large_b"}
{"pos":[-244.729248,-85.2824097,103.651588],"rotationMatrix":[-0.8502056,0.526450455,-0,-0.526450455,-0.8502056,0,-0,0,0.999999881],"scale":0.830138445,"type":"tree_beech_large_b"}
{"pos":[-201.715317,-239.244537,101.296097],"rotationMatrix":[-0.68576175,-0.727826118,0,0.727826118,-0.68576175,0,-0,0,0.999999881],"scale":0.647898734,"type":"tree_beech_large_b"}
{"pos":[-200.120575,-176.891251,102.468979],"rotationMatrix":[0.06309288,-0.998007536,0,0.998007536,0.06309288,0,-0,0,0.999999881],"scale":0.632531345,"type":"tree_beech_large_b"}
{"pos":[-200.116837,-173.562592,101.962837],"rotationMatrix":[-0.999824643,0.0187215265,-0,-0.0187215265,-0.999824643,0,-0,0,0.999999881],"scale":0.890943766,"type":"tree_beech_large_b"}
{"pos":[-297.740417,-141.291504,113.233391],"rotationMatrix":[0.160388604,0.987053931,0,-0.987053931,0.160388604,-0,-0,0,0.999999881],"scale":1.08270454,"type":"tree_beech_large_b"}
{"pos":[-289.39679,-129.625534,113.997223],"rotationMatrix":[0.992845058,0.119408928,0,-0.119408928,0.992845058,-0,-0,0,0.999999881],"scale":0.677739263,"type":"tree_beech_large_b"}
{"pos":[-285.144135,-81.6279526,104.900658],"rotationMatrix":[0.84272176,-0.538349211,0,0.538349211,0.84272176,0,-0,0,0.999999881],"scale":0.800270617,"type":"tree_beech_large_b"}
{"pos":[-299.294464,-70.8641357,107.62455],"rotationMatrix":[0.999155402,-0.0410883874,0,0.0410883874,0.999155402,0,-0,0,0.999999881],"scale":1.04646754,"type":"tree_beech_large_b"}
{"pos":[-307.544098,-38.7423935,109.95768],"rotationMatrix":[-0.698290944,-0.715813875,0,0.715813875,-0.698290944,0,-0,0,0.999999881],"scale":1.02696133,"type":"tree_beech_large_b"}
{"pos":[-307.74826,-14.9640465,105.803284],"rotationMatrix":[-0.793796241,0.608183682,-0,-0.608183682,-0.793796241,0,-0,0,0.999999881],"scale":0.997359395,"type":"tree_beech_large_b"}
{"pos":[-315.045868,-21.2073193,109.668922],"rotationMatrix":[0.530886412,0.847442985,0,-0.847442985,0.530886412,-0,-0,0,0.999999881],"scale":1.18564749,"type":"tree_beech_large_b"}
{"pos":[-332.804321,19.1193428,105.395935],"rotationMatrix":[0.55912143,0.829085767,0,-0.829085767,0.55912143,-0,-0,0,0.999999881],"scale":0.607839286,"type":"tree_beech_large_b"}
{"pos":[-338.921906,26.4211273,105.635719],"rotationMatrix":[-0.422492653,0.906366229,-0,-0.906366229,-0.422492653,0,-0,0,0.999999881],"scale":1.13386166,"type":"tree_beech_large_b"}
{"pos":[-355.758057,-2.08650064,108.200989],"rotationMatrix":[-0.953217387,0.302285463,-0,-0.302285463,-0.953217387,0,-0,0,0.999999881],"scale":0.862960935,"type":"tree_beech_large_b"}
{"pos":[-353.183258,15.1831713,107.514503],"rotationMatrix":[0.0746515095,0.997209609,0,-0.997209609,0.0746515095,-0,-0,0,0.999999881],"scale":0.828376472,"type":"tree_beech_large_b"}
{"pos":[-247.699844,-13.2082949,103.04335],"rotationMatrix":[-0.0902767479,-0.995916605,0,0.995916605,-0.0902767479,0,-0,0,0.999999881],"scale":0.60388428,"type":"tree_beech_large_b"}
{"pos":[-263.287415,11.9440556,102.925255],"rotationMatrix":[-0.687648118,0.72604388,-0,-0.72604388,-0.687648118,0,-0,0,0.999999881],"scale":0.666774273,"type":"tree_beech_large_b"}
{"pos":[-354.811676,41.5047607,112.513054],"rotationMatrix":[0.781219065,-0.624256849,0,0.624256849,0.781219065,0,-0,0,0.999999881],"scale":0.799995184,"type":"tree_beech_large_b"}
{"pos":[-349.634613,49.4240494,106.396111],"rotationMatrix":[0.984834373,0.173496738,0,-0.173496738,0.984834373,-0,-0,0,0.999999881],"scale":0.817619681,"type":"tree_beech_large_b"}
{"pos":[-365.27359,41.0212898,116.334488],"rotationMatrix":[0.930312932,-0.366766393,0,0.366766393,0.930312932,0,-0,0,0.999999881],"scale":0.792211771,"type":"tree_beech_large_b"}
{"pos":[-341.320831,44.9523468,105.109772],"rotationMatrix":[-0.669007897,0.743255019,-0,-0.743255019,-0.669007897,0,-0,0,0.999999881],"scale":0.983954728,"type":"tree_beech_large_b"}
{"pos":[-350.327209,32.2034569,110.106079],"rotationMatrix":[0.798310339,-0.602246106,0,0.602246106,0.798310339,0,-0,0,0.999999881],"scale":0.899799466,"type":"tree_beech_large_b"}
{"pos":[-370.392181,59.3347702,113.923088],"rotationMatrix":[-0.335380763,-0.942082584,0,0.942082584,-0.335380763,0,-0,0,0.999999881],"scale":0.991599739,"type":"tree_beech_large_b"}
{"pos":[-342.129517,49.5855713,103.37764],"rotationMatrix":[-0.91835171,0.395764977,-0,-0.395764977,-0.91835171,0,-0,0,0.999999881],"scale":0.721127748,"type":"tree_beech_large_b"}
{"pos":[-374.948639,65.5929565,114.138626],"rotationMatrix":[-0.996821046,-0.0796721131,0,0.0796721131,-0.996821046,0,-0,0,0.999999881],"scale":1.05114257,"type":"tree_beech_large_b"}
{"pos":[-405.795227,74.4826965,124.495239],"rotationMatrix":[0.777707577,-0.628626108,0,0.628626108,0.777707577,0,-0,0,0.999999881],"scale":1.19772899,"type":"tree_beech_large_b"}
{"pos":[-406.733826,80.8652573,123.957413],"rotationMatrix":[-0.899981618,0.4359276,-0,-0.4359276,-0.899981618,0,-0,0,0.999999881],"scale":0.999860048,"type":"tree_beech_large_b"}
{"pos":[-376.394409,63.2444763,114.861755],"rotationMatrix":[-0.618219972,0.786004901,-0,-0.786004901,-0.618219972,0,-0,0,0.999999881],"scale":1.06739497,"type":"tree_beech_large_b"}
{"pos":[-384.16507,60.7162056,116.72699],"rotationMatrix":[0.999135673,-0.041565191,0,0.041565191,0.999135673,0,-0,0,0.999999881],"scale":0.971444249,"type":"tree_beech_large_b"}
{"pos":[-383.804138,78.5299225,114.482971],"rotationMatrix":[-0.991730988,0.128333509,-0,-0.128333509,-0.991730988,0,-0,0,0.999999881],"scale":1.15956271,"type":"tree_beech_large_b"}
{"pos":[-398.414948,95.2498474,119.916786],"rotationMatrix":[-0.975961745,-0.217941955,0,0.217941955,-0.975961745,0,-0,0,0.999999881],"scale":1.17214012,"type":"tree_beech_large_b"}
{"pos":[-390.414948,78.7499313,116.138763],"rotationMatrix":[-0.280755341,-0.959779263,0,0.959779263,-0.280755341,0,-0,0,0.999999881],"scale":1.13647354,"type":"tree_beech_large_b"}
{"pos":[-380.699066,103.594841,105.11132],"rotationMatrix":[-0.98687464,-0.161487713,0,0.161487713,-0.98687464,0,-0,0,0.999999881],"scale":0.91018796,"type":"tree_beech_large_b"}
{"pos":[-388.713287,102.426414,112.132492],"rotationMatrix":[0.628575146,-0.777748764,0,0.777748764,0.628575146,0,-0,0,0.999999881],"scale":0.967783213,"type":"tree_beech_large_b"}
{"pos":[-441.845032,128.560883,130.942596],"rotationMatrix":[-0.738294363,0.674478352,-0,-0.674478352,-0.738294363,0,-0,0,0.999999881],"scale":0.997089744,"type":"tree_beech_large_b"}
{"pos":[-454.054352,149.218994,129.98848],"rotationMatrix":[0.0171935968,0.999852061,0,-0.999852061,0.0171935968,-0,-0,0,0.999999881],"scale":0.953268349,"type":"tree_beech_large_b"}
{"pos":[-435.195343,132.244629,127.13942],"rotationMatrix":[0.809721887,0.586813867,0,-0.586813867,0.809721887,-0,-0,0,0.999999881],"scale":0.991899848,"type":"tree_beech_large_b"}
{"pos":[-408.343414,125.92485,115.36821],"rotationMatrix":[0.949192166,-0.314696699,0,0.314696699,0.949192166,0,-0,0,0.999999881],"scale":0.60309422,"type":"tree_beech_large_b"}
{"pos":[-418.268768,145.637878,115.834656],"rotationMatrix":[-0.999268353,-0.0382443666,0,0.0382443666,-0.999268353,0,-0,0,0.999999881],"scale":0.614273131,"type":"tree_beech_large_b"}
{"pos":[-422.495331,195.983002,108.03923],"rotationMatrix":[0.905733287,-0.423847705,0,0.423847705,0.905733287,0,-0,0,0.999999881],"scale":0.685016274,"type":"tree_beech_large_b"}
{"pos":[-425.126221,201.731094,107.855629],"rotationMatrix":[-0.216951668,0.976182222,-0,-0.976182222,-0.216951668,0,-0,0,0.999999881],"scale":0.999130905,"type":"tree_beech_large_b"}
{"pos":[-449.69165,175.264771,127.856934],"rotationMatrix":[-0.215734541,-0.976451993,0,0.976451993,-0.215734541,0,-0,0,0.999999881],"scale":1.07148409,"type":"tree_beech_large_b"}
{"pos":[-445.609955,168.987244,125.766617],"rotationMatrix":[0.97145319,-0.237230808,0,0.237230808,0.97145319,0,-0,0,0.999999881],"scale":1.11797225,"type":"tree_beech_large_b"}
{"pos":[-440.304565,160.646698,123.036957],"rotationMatrix":[0.00552716618,0.999984562,0,-0.999984562,0.00552716618,-0,-0,0,0.999999881],"scale":0.957317352,"type":"tree_beech_large_b"}
{"pos":[-461.441223,192.61673,131.124924],"rotationMatrix":[-0.739007294,0.673697174,-0,-0.673697174,-0.739007294,0,-0,0,0.999999881],"scale":1.17540562,"type":"tree_beech_large_b"}
{"pos":[-451.56192,197.49794,124.125992],"rotationMatrix":[-0.885378063,0.464871377,-0,-0.464871377,-0.885378063,0,-0,0,0.999999881],"scale":0.855988741,"type":"tree_beech_large_b"}
{"pos":[-442.298096,210.33313,116.666962],"rotationMatrix":[-0.954597414,-0.297898859,0,0.297898859,-0.954597414,0,-0,0,0.999999881],"scale":1.0886904,"type":"tree_beech_large_b"}
{"pos":[-466.008514,224.904892,131.982895],"rotationMatrix":[0.881878555,-0.471476525,0,0.471476525,0.881878555,0,-0,0,0.999999881],"scale":1.14889443,"type":"tree_beech_large_b"}
{"pos":[-436.711243,232.646957,110.685371],"rotationMatrix":[0.332691103,-0.943035781,0,0.943035781,0.332691103,0,-0,0,0.999999881],"scale":0.804748654,"type":"tree_beech_large_b"}
{"pos":[-428.943085,234.156937,105.685715],"rotationMatrix":[0.928759933,0.370681673,0,-0.370681673,0.928759933,-0,-0,0,0.999999881],"scale":0.789906561,"type":"tree_beech_large_b"}
{"pos":[-432.23053,233.109909,106.414627],"rotationMatrix":[-0.87785852,0.478919804,-0,-0.478919804,-0.87785852,0,-0,0,0.999999881],"scale":1.12181818,"type":"tree_beech_large_b"}
{"pos":[-432.130432,153.741135,120.458382],"rotationMatrix":[-0.997865975,0.0652943552,-0,-0.0652943552,-0.997865975,0,-0,0,0.999999881],"scale":0.99571538,"type":"tree_beech_large_b"}
{"pos":[-436.701324,159.103561,120.472931],"rotationMatrix":[0.743087649,-0.669194043,0,0.669194043,0.743087649,0,-0,0,0.999999881],"scale":0.885822892,"type":"tree_beech_large_b"}
{"pos":[-420.279907,168.819016,111.778687],"rotationMatrix":[0.911361277,-0.411607176,0,0.411607176,0.911361277,0,-0,0,0.999999881],"scale":0.778358638,"type":"tree_beech_large_b"}
{"pos":[-441.94455,175.764771,122.20771],"rotationMatrix":[-0.535428524,-0.844580472,0,0.844580472,-0.535428524,0,-0,0,0.999999881],"scale":0.637153506,"type":"tree_beech_large_b"}
{"pos":[-445.796783,281.879913,113.20533],"rotationMatrix":[0.98390758,0.178677827,0,-0.178677827,0.98390758,-0,-0,0,0.999999881],"scale":1.13470507,"type":"tree_beech_large_b"}
{"pos":[-469.757538,243.21846,134.025055],"rotationMatrix":[0.886514366,-0.462700754,0,0.462700754,0.886514366,0,-0,0,0.999999881],"scale":1.11132848,"type":"tree_beech_large_b"}
{"pos":[-455.207855,245.504318,125.167297],"rotationMatrix":[0.557896078,-0.829910636,0,0.829910636,0.557896078,0,-0,0,0.999999881],"scale":0.876962423,"type":"tree_beech_large_b"}
{"pos":[-466.449219,288.810425,125.201263],"rotationMatrix":[-0.98732096,0.15873602,-0,-0.15873602,-0.98732096,0,-0,0,0.999999881],"scale":0.69020927,"type":"tree_beech_large_b"}
{"pos":[-450.139954,325.988434,121.104095],"rotationMatrix":[-0.927045286,0.374949247,-0,-0.374949247,-0.927045286,0,-0,0,0.999999881],"scale":0.967827559,"type":"tree_beech_large_b"}
{"pos":[-459.226135,340.158539,128.765701],"rotationMatrix":[0.971040785,0.238913685,0,-0.238913685,0.971040785,-0,-0,0,0.999999881],"scale":0.901108265,"type":"tree_beech_large_b"}
{"pos":[-445.781311,358.180328,122.817284],"rotationMatrix":[-0.601986289,0.7985062,-0,-0.7985062,-0.601986289,0,-0,0,0.999999881],"scale":0.709742308,"type":"tree_beech_large_b"}
{"pos":[-441.869141,355.305176,120.28112],"rotationMatrix":[0.629697263,-0.776840508,0,0.776840508,0.629697263,0,-0,0,0.999999881],"scale":0.822994649,"type":"tree_beech_large_b"}
{"pos":[-451.494446,386.263336,121.906563],"rotationMatrix":[-0.962835252,0.270089,-0,-0.270089,-0.962835252,0,-0,0,0.999999881],"scale":0.734757304,"type":"tree_beech_large_b"}
{"pos":[-440.93457,387.492889,119.162422],"rotationMatrix":[-0.985661209,-0.16873607,0,0.16873607,-0.985661209,0,-0,0,0.999999881],"scale":1.0666647,"type":"tree_beech_large_b"}
{"pos":[-440.007172,424.506592,115.818817],"rotationMatrix":[-0.566561997,-0.824019134,0,0.824019134,-0.566561997,0,-0,0,0.999999881],"scale":0.957574129,"type":"tree_beech_large_b"}
{"pos":[-428.409149,446.753815,120.694267],"rotationMatrix":[-0.67571348,0.73716408,-0,-0.73716408,-0.67571348,0,-0,0,0.999999881],"scale":0.729093194,"type":"tree_beech_large_b"}
{"pos":[-413.018646,467.046631,117.233833],"rotationMatrix":[-0.846795797,-0.531918108,0,0.531918108,-0.846795797,0,-0,0,0.999999881],"scale":0.695357561,"type":"tree_beech_large_b"}
{"pos":[-408.685364,468.894348,115.20015],"rotationMatrix":[-0.973553121,0.228460446,-0,-0.228460446,-0.973553121,0,-0,0,0.999999881],"scale":1.15530765,"type":"tree_beech_large_b"}
{"pos":[-410.149902,470.816162,116.144066],"rotationMatrix":[0.195012897,-0.980800569,0,0.980800569,0.195012897,0,-0,0,0.999999881],"scale":0.922697067,"type":"tree_beech_large_b"}
{"pos":[-396.491089,500.264801,110.01516],"rotationMatrix":[0.999999583,0.00090915343,0,-0.00090915343,0.999999583,-0,-0,0,0.999999881],"scale":0.682691514,"type":"tree_beech_large_b"}
{"pos":[-399.497528,497.13205,112.295753],"rotationMatrix":[0.41341117,0.910544455,0,-0.910544455,0.41341117,-0,-0,0,0.999999881],"scale":1.05424678,"type":"tree_beech_large_b"}
{"pos":[-416.031769,515.109985,119.483757],"rotationMatrix":[-0.127284765,0.991866112,-0,-0.991866112,-0.127284765,0,-0,0,0.999999881],"scale":1.01448452,"type":"tree_beech_large_b"}
{"pos":[-199.001404,-64.4162445,102.669624],"rotationMatrix":[0.543614209,0.839335203,0,-0.839335203,0.543614209,-0,-0,0,0.999999881],"scale":0.836910605,"type":"tree_beech_large_b"}
{"pos":[-216.496017,3.66759825,103.770416],"rotationMatrix":[-0.999804199,-0.0197845008,0,0.0197845008,-0.999804199,0,-0,0,0.999999881],"scale":0.763872623,"type":"tree_beech_large_b"}
{"pos":[-244.354401,50.033905,102.475662],"rotationMatrix":[0.454697192,-0.890645921,0,0.890645921,0.454697192,0,-0,0,0.999999881],"scale":1.08016634,"type":"tree_beech_large_b"}
{"pos":[-310.400574,119.670799,101.344009],"rotationMatrix":[0.729171932,-0.684330463,0,0.684330463,0.729171932,0,-0,0,0.999999881],"scale":1.11059523,"type":"tree_beech_large_b"}
{"pos":[-385.49704,215.110062,101.603256],"rotationMatrix":[0.999281943,0.0378873833,0,-0.0378873833,0.999281943,-0,-0,0,0.999999881],"scale":0.809907436,"type":"tree_beech_large_b"}
{"pos":[-386.357239,226.238358,102.49868],"rotationMatrix":[0.999950528,0.00993790012,0,-0.00993790012,0.999950528,-0,-0,0,0.999999881],"scale":0.771818638,"type":"tree_beech_large_b"}
{"pos":[-389.815308,233.146637,101.393372],"rotationMatrix":[0.765819073,-0.643055856,0,0.643055856,0.765819073,0,-0,0,0.999999881],"scale":1.15186584,"type":"tree_beech_large_b"}
{"pos":[-389.49176,238.651657,102.200325],"rotationMatrix":[0.164465025,-0.986382842,0,0.986382842,0.164465025,0,-0,0,0.999999881],"scale":0.959218085,"type":"tree_beech_large_b"}
{"pos":[-390.986328,262.08252,101.949287],"rotationMatrix":[-0.989392221,0.145268127,-0,-0.145268127,-0.989392221,0,-0,0,0.999999881],"scale":0.84688437,"type":"tree_beech_large_b"}
{"pos":[-369.573029,380.438446,102.687698],"rotationMatrix":[-0.944550574,0.328365743,-0,-0.328365743,-0.944550574,0,-0,0,0.999999881],"scale":0.816992164,"type":"tree_beech_large_b"}
{"pos":[-370.013336,385.115509,102.495293],"rotationMatrix":[-0.853021979,-0.521874845,0,0.521874845,-0.853021979,0,-0,0,0.999999881],"scale":0.641058862,"type":"tree_beech_large_b"}
{"pos":[-177.893936,-351.965485,103.62603],"rotationMatrix":[-0.488049924,0.872815549,-0,-0.872815549,-0.488049924,0,-0,0,0.999999881],"scale":0.628944457,"type":"tree_beech_large_b"}
{"pos":[-165.721786,-349.686127,103.781876],"rotationMatrix":[0.760079741,-0.649829626,0,0.649829626,0.760079741,0,-0,0,0.999999881],"scale":0.739565253,"type":"tree_beech_large_b"}
{"pos":[-178.542389,-356.385712,103.95739],"rotationMatrix":[-0.259604514,-0.965714931,0,0.965714931,-0.259604514,0,-0,0,0.999999881],"scale":0.936044693,"type":"tree_beech_large_b"}
{"pos":[-229.364899,-256.694672,102.95105],"rotationMatrix":[-0.898199201,-0.439588487,0,0.439588487,-0.898199201,0,-0,0,0.999999881],"scale":0.826609194,"type":"tree_beech_large_b"}
{"pos":[-211.326889,-186.977539,102.48484],"rotationMatrix":[0.726580024,0.687081873,0,-0.687081873,0.726580024,-0,-0,0,0.999999881],"scale":1.16918766,"type":"tree_beech_large_b"}
{"pos":[-234.409958,-190.165405,103.024651],"rotationMatrix":[-0.29292798,0.956134379,-0,-0.956134379,-0.29292798,0,-0,0,0.999999881],"scale":0.670986712,"type":"tree_beech_large_b"}
{"pos":[-242.089233,-206.376694,103.201569],"rotationMatrix":[-0.204979852,0.978766024,-0,-0.978766024,-0.204979852,0,-0,0,0.999999881],"scale":0.981210291,"type":"tree_beech_large_b"}
{"pos":[-286.247955,-211.412964,102.537544],"rotationMatrix":[-0.608353436,0.793666005,-0,-0.793666005,-0.608353436,0,-0,0,0.999999881],"scale":0.965469837,"type":"tree_beech_large_b"}
{"pos":[-232.722107,-209.622498,102.886208],"rotationMatrix":[-0.5576967,0.830044568,-0,-0.830044568,-0.5576967,0,-0,0,0.999999881],"scale":0.698027849,"type":"tree_beech_large_b"}
{"pos":[-225.325912,-218.447479,103.423553],"rotationMatrix":[0.965415657,-0.260715157,0,0.260715157,0.965415657,0,-0,0,0.999999881],"scale":1.09833157,"type":"tree_beech_large_b"}
{"pos":[-152.382584,-347.549072,103.95578],"rotationMatrix":[0.802456319,-0.596710742,0,0.596710742,0.802456319,0,-0,0,0.999999881],"scale":0.669479728,"type":"tree_beech_large_b"}
{"pos":[-114.322998,-348.553955,104.084518],"rotationMatrix":[-0.654849708,-0.755758941,0,0.755758941,-0.654849708,0,-0,0,0.999999881],"scale":0.99340868,"type":"tree_beech_large_b"}
{"pos":[-113.211296,-354.601837,103.548553],"rotationMatrix":[-0.987053275,-0.160392344,0,0.160392344,-0.987053275,0,-0,0,0.999999881],"scale":0.601854444,"type":"tree_beech_large_b"}
{"pos":[-75.7854233,-290.986511,104.333138],"rotationMatrix":[0.454049438,0.890976489,0,-0.890976489,0.454049438,-0,-0,0,0.999999881],"scale":1.11869323,"type":"tree_beech_large_b"}
{"pos":[-97.2882004,-281.355652,104.5849],"rotationMatrix":[0.00863987952,0.999962628,0,-0.999962628,0.00863987952,-0,-0,0,0.999999881],"scale":0.690575719,"type":"tree_beech_large_b"}
{"pos":[-136.463898,-267.87854,103.518959],"rotationMatrix":[0.595773816,-0.803152204,0,0.803152204,0.595773816,0,-0,0,0.999999881],"scale":0.647016764,"type":"tree_beech_large_b"}
{"pos":[-130.451157,-281.20929,102.524452],"rotationMatrix":[-0.993786752,0.111300021,-0,-0.111300021,-0.993786752,0,-0,0,0.999999881],"scale":1.0495255,"type":"tree_beech_large_b"}
{"pos":[-180.123398,-280.765839,103.874237],"rotationMatrix":[0.194598988,-0.980882823,0,0.980882823,0.194598988,0,-0,0,0.999999881],"scale":0.985241175,"type":"tree_beech_large_b"}
{"pos":[-177.143494,-151.005157,102.515312],"rotationMatrix":[0.892604649,-0.450840086,0,0.450840086,0.892604649,0,-0,0,0.999999881],"scale":1.11578381,"type":"tree_beech_large_b"}
{"pos":[-170.28598,-148.720062,103.813393],"rotationMatrix":[-0.724555492,-0.689216435,0,0.689216435,-0.724555492,0,-0,0,0.999999881],"scale":0.770508289,"type":"tree_beech_large_b"}
{"pos":[-166.7099,-138.582611,104.618614],"rotationMatrix":[0.177737862,-0.984077752,0,0.984077752,0.177737862,0,-0,0,0.999999881],"scale":0.634918988,"type":"tree_beech_large_b"}
{"pos":[1427.68433,-235.739532,121.859459],"rotationMatrix":[0.845584929,0.533840835,0,-0.533840835,0.845584929,-0,-0,0,0.999999881],"scale":0.95005542,"type":"tree_beech_large_b"}
{"pos":[1430.36548,-206.279678,118.984169],"rotationMatrix":[-0.806309164,0.591494024,-0,-0.591494024,-0.806309164,0,-0,0,0.999999881],"scale":1.09764719,"type":"tree_beech_large_b"}
{"pos":[1405.74939,-188.637283,121.417595],"rotationMatrix":[0.572618842,-0.819821656,0,0.819821656,0.572618842,0,-0,0,0.999999881],"scale":1.03483081,"type":"tree_beech_large_b"}
{"pos":[1462.85437,-197.512741,127.28614],"rotationMatrix":[0.994171441,0.107810654,0,-0.107810654,0.994171441,-0,-0,0,0.999999881],"scale":0.730427623,"type":"tree_beech_large_b"}
{"pos":[1468.8822,-212.084488,129.443207],"rotationMatrix":[-0.491659075,-0.870787621,0,0.870787621,-0.491659075,0,-0,0,0.999999881],"scale":0.976992249,"type":"tree_beech_large_b"}
{"pos":[1462.74304,-248.134598,126.650665],"rotationMatrix":[0.779991925,-0.625789404,0,0.625789404,0.779991925,0,-0,0,0.999999881],"scale":1.18003345,"type":"tree_beech_large_b"}
{"pos":[1474.17102,-233.22168,129.201035],"rotationMatrix":[0.455064535,0.890458524,0,-0.890458524,0.455064535,-0,-0,0,0.999999881],"scale":0.929788113,"type":"tree_beech_large_b"}
